0010808 0010808 2
7033104 7033104 2
7033105 7033105 2
7033106 7033106 1
7033107 7033107 2
7033108 7033108 2
7033109 7033109 2
7033112 7033112 2
7033113 7033113 2
7033116 7033116 2
7033117 7033117 2
7033118 7033118 2
7040101 7040101 2
7040102 7040102 2
7040103 7040103 2
7040104 7040104 2
7040201 7040201 2
7040202 7040202 1
7040203 7040203 2
7040205 7040205 2
7040206 7040206 2
7040207 7040207 2
7040208 7040208 2
7040209 7040209 2
7040211 7040211 2
7040212 7040212 2
7040302 7040302 2
7040303 7040303 2
7040305 7040305 2
7040308 7040308 2
7040309 7040309 2
7040310 7040310 2
7040402 7040402 2
7040407 7040407 2
7040408 7040408 2
7040409 7040409 2
7040412 7040412 2
7040414 7040414 2
7040415 7040415 2
7040416 7040416 2
7040502 7040502 2
7040503 7040503 2
7040504 7040504 2
7040505 7040505 2
7040506 7040506 2
7040507 7040507 2
7040508 7040508 2
7040509 7040509 1
7040510 7040510 2
7040511 7040511 2
7040512 7040512 2
7040513 7040513 2
7040515 7040515 2
7040516 7040516 2
7040517 7040517 2
7040519 7040519 2
7040521 7040521 2
7040523 7040523 1
7040603 7040603 2
7040604 7040604 2
7040605 7040605 2
7040606 7040606 2
7040607 7040607 2
7040608 7040608 2
7040610 7040610 2
7040611 7040611 2
7040613 7040613 2
7040614 7040614 2
7040619 7040619 2
7040620 7040620 2
7040621 7040621 2
7040622 7040622 2
7040623 7040623 2
7040625 7040625 2
7040705 7040705 2
7040707 7040707 2
7040709 7040709 2
7040710 7040710 2
7040711 7040711 2
7040712 7040712 2
7040713 7040713 2
7040714 7040714 2
7040715 7040715 2
7040716 7040716 2
7040717 7040717 2
7040719 7040719 1
7040802 7040802 2
7040804 7040804 2
7040805 7040805 2
7040806 7040806 1
7040807 7040807 2
7040808 7040808 2
7040809 7040809 2
7040812 7040812 2
7040814 7040814 2
7040815 7040815 2
7040816 7040816 2
7040817 7040817 2
7040819 7040819 2
7040903 7040903 2
7040905 7040905 2
7040906 7040906 2
7040907 7040907 2
7040910 7040910 2
7041001 7041001 2
7041003 7041003 2
7041004 7041004 2
7041007 7041007 2
7041008 7041008 2
7041011 7041011 2
7041012 7041012 2
7041014 7041014 2
7041015 7041015 2
7041017 7041017 2
7041021 7041021 2
7041022 7041022 2
7041023 7041023 2
7041024 7041024 2
7041027 7041027 2
7041028 7041028 2
7041101 7041101 1
7041105 7041105 2
7041106 7041106 2
7041107 7041107 2
7041111 7041111 2
7041112 7041112 2
7041114 7041114 2
7041115 7041115 2
7041116 7041116 2
7041202 7041202 2
7041204 7041204 2
7041207 7041207 2
7041209 7041209 2
7041210 7041210 2
7041211 7041211 2
7041213 7041213 2
7041214 7041214 2
7041216 7041216 2
7041217 7041217 2
7041303 7041303 2
7041304 7041304 2
7041305 7041305 2
7041306 7041306 2
7041308 7041308 2
7041310 7041310 2
7041403 7041403 2
7041405 7041405 2
7041407 7041407 2
7041408 7041408 2
7041410 7041410 2
7041411 7041411 2
7041413 7041413 2
7041414 7041414 2
7041502 7041502 2
7041503 7041503 2
7041505 7041505 2
7041506 7041506 2
7041507 7041507 2
7041509 7041509 2
7041601 7041601 2
7041602 7041602 2
7041604 7041604 2
7041701 7041701 2
7041702 7041702 2
7041706 7041706 2
7041709 7041709 2
7041710 7041710 2
7041711 7041711 2
7041712 7041712 2
7041715 7041715 2
7041716 7041716 2
7041719 7041719 2
7041720 7041720 2
7041721 7041721 1
7041723 7041723 2
7041724 7041724 2
7041725 7041725 2
7041726 7041726 2
7041802 7041802 2
7041803 7041803 2
7041805 7041805 2
7041807 7041807 2
7041808 7041808 2
7041809 7041809 2
7041810 7041810 2
7041811 7041811 2
7041815 7041815 2
7041818 7041818 2
7041902 7041902 2
7041903 7041903 2
7041905 7041905 2
7041906 7041906 2
7041907 7041907 2
7041909 7041909 2
7041910 7041910 2
7041913 7041913 2
7041914 7041914 2
7042002 7042002 1
7042004 7042004 2
7042005 7042005 2
7042006 7042006 2
7042008 7042008 2
7042009 7042009 2
7042010 7042010 2
7042012 7042012 2
7042013 7042013 2
7042014 7042014 2
7042102 7042102 2
7042103 7042103 2
7042106 7042106 2
7042107 7042107 2
7042108 7042108 2
7042109 7042109 2
7042110 7042110 2
7042111 7042111 2
7042201 7042201 2
7042202 7042202 1
7042205 7042205 2
7042206 7042206 2
7042301 7042301 2
7042302 7042302 2
7042303 7042303 2
7042305 7042305 2
7042401 7042401 2
7042405 7042405 2
7042410 7042410 2
7042411 7042411 2
7042413 7042413 1
7042414 7042414 2
7042416 7042416 2
7042417 7042417 2
7042418 7042418 2
7042421 7042421 2
7042501 7042501 2
7042502 7042502 2
7042505 7042505 1
7042508 7042508 2
7042510 7042510 2
7042511 7042511 2
7042512 7042512 2
7042513 7042513 2
7042514 7042514 2
7042515 7042515 2
7042516 7042516 2
7042517 7042517 2
7042602 7042602 2
7042604 7042604 2
7042608 7042608 1
7042609 7042609 2
7042612 7042612 2
7042613 7042613 2
7042615 7042615 2
7042618 7042618 2
7042701 7042701 2
7042702 7042702 2
7042703 7042703 2
7042704 7042704 2
7042705 7042705 2
7042706 7042706 2
7042707 7042707 2
7042708 7042708 1
7042710 7042710 2
7042711 7042711 2
7042712 7042712 2
7042801 7042801 2
7042802 7042802 2
7042803 7042803 2
7042804 7042804 2
7042806 7042806 2
7042808 7042808 2
7042809 7042809 1
7042811 7042811 2
7042901 7042901 1
7042903 7042903 2
7042904 7042904 2
7043001 7043001 2
7050101 7050101 2
7050103 7050103 2
7050105 7050105 2
7050202 7050202 2
7050203 7050203 2
7050204 7050204 2
7050205 7050205 2
7050208 7050208 2
7050209 7050209 2
7050210 7050210 2
7050211 7050211 2
7050212 7050212 2
7050214 7050214 2
7050215 7050215 2
7050216 7050216 2
7050217 7050217 2
7050220 7050220 2
7050223 7050223 2
7050301 7050301 2
7050302 7050302 2
7050304 7050304 2
7050305 7050305 2
7050308 7050308 2
7050311 7050311 2
7050312 7050312 2
7050315 7050315 1
7050503 7050503 2
7050505 7050505 2
7050508 7050508 1
7050509 7050509 2
7050512 7050512 2
7050513 7050513 2
7050514 7050514 2
7050603 7050603 2
7050604 7050604 2
7050702 7050702 2
7050704 7050704 2
7050708 7050708 2
7050709 7050709 2
7050710 7050710 2
7050802 7050802 2
7050804 7050804 2
7050806 7050806 1
7050808 7050808 2
7050811 7050811 2
7050815 7050815 2
7050817 7050817 2
7050902 7050902 2
7050905 7050905 1
7050906 7050906 2
7050908 7050908 2
7050912 7050912 2
7050913 7050913 2
7050914 7050914 2
7050915 7050915 2
7051001 7051001 2
7051002 7051002 2
7051003 7051003 2
7051004 7051004 2
7051005 7051005 2
7051007 7051007 2
7051009 7051009 1
7051010 7051010 2
7051011 7051011 2
7051102 7051102 2
7051103 7051103 2
7051105 7051105 1
7051106 7051106 2
7051107 7051107 2
7051111 7051111 2
7051113 7051113 2
7051114 7051114 2
7051201 7051201 2
7051203 7051203 2
7051204 7051204 2
7051206 7051206 2
7051207 7051207 2
7051208 7051208 2
7051209 7051209 2
7051210 7051210 2
7051211 7051211 2
7051212 7051212 2
7051213 7051213 2
7051214 7051214 2
7051215 7051215 2
7051216 7051216 2
7051301 7051301 2
7051302 7051302 2
7051501 7051501 2
7051505 7051505 2
7051506 7051506 2
7051508 7051508 2
7051509 7051509 2
7051510 7051510 2
7051511 7051511 2
7051513 7051513 2
7051514 7051514 2
7051515 7051515 2
7051516 7051516 2
7051518 7051518 2
7051519 7051519 2
7051520 7051520 2
7051523 7051523 2
7051525 7051525 2
7051526 7051526 2
7051527 7051527 2
7051602 7051602 2
7051603 7051603 2
7051607 7051607 2
7051608 7051608 2
7051609 7051609 2
7051612 7051612 2
7051613 7051613 2
7051614 7051614 2
7051615 7051615 2
7051617 7051617 2
7051619 7051619 2
7051620 7051620 2
7051622 7051622 2
7051623 7051623 2
7051624 7051624 2
7051625 7051625 2
7051705 7051705 2
7051706 7051706 2
7051710 7051710 2
7051711 7051711 2
7051716 7051716 2
7051801 7051801 2
7051803 7051803 2
7051805 7051805 2
7051806 7051806 2
7051809 7051809 2
7051810 7051810 2
7051903 7051903 2
7051904 7051904 2
7051908 7051908 2
7051910 7051910 1
7051911 7051911 2
7051913 7051913 2
7051915 7051915 2
7051916 7051916 2
7051917 7051917 2
7052001 7052001 2
7052002 7052002 2
7052101 7052101 2
7052102 7052102 2
7052201 7052201 2
7052202 7052202 2
7052203 7052203 2
7052204 7052204 2
7052205 7052205 2
7052207 7052207 2
7052209 7052209 2
7052210 7052210 1
7052211 7052211 2
7052212 7052212 2
7052214 7052214 2
7052301 7052301 2
7052303 7052303 2
7052304 7052304 2
7052305 7052305 2
7052306 7052306 2
7052307 7052307 2
7052308 7052308 2
7052310 7052310 2
7052312 7052312 2
7052313 7052313 2
7052314 7052314 2
7052401 7052401 2
7052406 7052406 2
7052407 7052407 2
7052409 7052409 2
7052410 7052410 2
7052501 7052501 2
7052502 7052502 2
7052503 7052503 2
7052506 7052506 2
7052510 7052510 2
7052511 7052511 2
7052514 7052514 2
7052601 7052601 2
7052602 7052602 2
7052604 7052604 2
7052605 7052605 2
7052701 7052701 2
7052706 7052706 2
7052707 7052707 2
7052709 7052709 2
7052710 7052710 2
7052711 7052711 2
7052801 7052801 2
7052802 7052802 2
7052803 7052803 2
7052805 7052805 2
7052806 7052806 2
7052901 7052901 1
7052902 7052902 2
7052903 7052903 2
7052905 7052905 2
7053001 7053001 2
7053002 7053002 2
7053003 7053003 2
7053006 7053006 1
7053007 7053007 2
7053105 7053105 2
7053108 7053108 2
7053109 7053109 2
7053111 7053111 2
7053112 7053112 2
7053113 7053113 2
7053120 7053120 2
7060101 7060101 2
7060104 7060104 2
7060105 7060105 2
7060106 7060106 2
7060107 7060107 2
7060108 7060108 2
7060201 7060201 2
7060203 7060203 2
7060204 7060204 2
7060206 7060206 2
7060207 7060207 2
7060208 7060208 2
7060210 7060210 2
7060212 7060212 2
7060213 7060213 2
7060215 7060215 2
7060216 7060216 2
7060217 7060217 2
7060218 7060218 2
7060219 7060219 2
7060220 7060220 2
7060221 7060221 2
7060224 7060224 2
7060225 7060225 2
7060302 7060302 2
7060306 7060306 2
7060307 7060307 2
7060308 7060308 2
7060309 7060309 2
7060402 7060402 2
7060501 7060501 2
7060502 7060502 2
7060503 7060503 2
7060504 7060504 2
7060506 7060506 2
7060508 7060508 2
7060509 7060509 2
7060510 7060510 2
7060511 7060511 2
7060512 7060512 2
7060513 7060513 2
7060514 7060514 2
7060515 7060515 2
7060516 7060516 2
7060517 7060517 2
7060601 7060601 2
7060602 7060602 2
7060604 7060604 2
7060605 7060605 2
7060608 7060608 2
7060610 7060610 2
7060611 7060611 2
7060613 7060613 2
7060615 7060615 2
7060618 7060618 2
7060619 7060619 2
7060620 7060620 2
7060621 7060621 2
7060701 7060701 2
7060702 7060702 2
7060703 7060703 2
7060704 7060704 1
7060706 7060706 2
7060708 7060708 2
7060709 7060709 2
7060710 7060710 2
7060711 7060711 2
7060712 7060712 2
7060714 7060714 2
7060801 7060801 2
7060802 7060802 2
7060803 7060803 2
7060805 7060805 2
7060806 7060806 2
7060809 7060809 2
7060812 7060812 2
7060813 7060813 2
7060814 7060814 2
7060815 7060815 1
7060816 7060816 2
7060817 7060817 2
7060818 7060818 2
7060819 7060819 2
7060901 7060901 2
7060902 7060902 2
7060905 7060905 2
7060906 7060906 2
7060908 7060908 2
7060909 7060909 2
7061101 7061101 2
7061102 7061102 2
7061103 7061103 2
7061104 7061104 2
7061105 7061105 2
7061106 7061106 2
7061107 7061107 2
7061109 7061109 2
7061111 7061111 2
7061112 7061112 2
7061113 7061113 2
7061114 7061114 2
7061115 7061115 2
7061201 7061201 2
7061202 7061202 2
7061204 7061204 2
7061205 7061205 1
7061207 7061207 2
7061208 7061208 2
7061210 7061210 2
7061211 7061211 2
7061212 7061212 2
7061213 7061213 2
7061215 7061215 2
7061301 7061301 2
7061302 7061302 2
7061304 7061304 2
7061307 7061307 2
7061308 7061308 2
7061310 7061310 2
7061312 7061312 2
7061313 7061313 2
7061406 7061406 2
7061407 7061407 2
7061408 7061408 2
7061414 7061414 2
7061502 7061502 2
7061503 7061503 2
7061504 7061504 2
7061505 7061505 2
7061602 7061602 2
7061603 7061603 2
7061605 7061605 2
7061606 7061606 2
7061608 7061608 2
7061609 7061609 2
7061610 7061610 2
7061611 7061611 2
7061612 7061612 2
7061615 7061615 2
7061617 7061617 2
7061701 7061701 2
7061704 7061704 2
7061801 7061801 2
7061803 7061803 1
7061804 7061804 2
7061805 7061805 2
7061901 7061901 2
7061902 7061902 2
7061903 7061903 2
7061905 7061905 2
7061906 7061906 2
7061907 7061907 2
7061908 7061908 2
7061910 7061910 2
7061911 7061911 2
7061913 7061913 2
7061914 7061914 2
7061917 7061917 2
7062001 7062001 2
7062002 7062002 2
7062003 7062003 2
7062004 7062004 2
7062006 7062006 2
7062007 7062007 2
7062008 7062008 2
7062009 7062009 2
7062010 7062010 2
7062011 7062011 2
7062012 7062012 2
7062013 7062013 1
7062014 7062014 1
7062015 7062015 2
7062016 7062016 2
7062017 7062017 2
7062101 7062101 2
7062102 7062102 2
7062103 7062103 2
7062104 7062104 2
7062105 7062105 2
7062106 7062106 2
7062107 7062107 2
7062109 7062109 2
7062110 7062110 2
7062111 7062111 2
7062112 7062112 2
7062201 7062201 2
7062203 7062203 2
7062204 7062204 2
7062205 7062205 2
7062301 7062301 2
7062302 7062302 2
7062303 7062303 2
7062304 7062304 2
7062305 7062305 2
7062306 7062306 2
7062307 7062307 2
7062308 7062308 2
7062309 7062309 2
7062310 7062310 2
7062314 7062314 2
7062316 7062316 2
7062317 7062317 2
7062318 7062318 2
7062401 7062401 2
7062403 7062403 2
7062404 7062404 2
7062405 7062405 2
7062407 7062407 2
7062409 7062409 2
7062410 7062410 2
7062411 7062411 2
7062413 7062413 2
7062501 7062501 2
7062601 7062601 2
7062602 7062602 2
7062603 7062603 2
7062607 7062607 2
7062609 7062609 2
7062610 7062610 2
7062612 7062612 2
7062614 7062614 2
7062615 7062615 2
7062616 7062616 2
7062617 7062617 2
7062618 7062618 2
7062619 7062619 2
7062702 7062702 2
7062705 7062705 2
7062706 7062706 2
7062707 7062707 2
7062708 7062708 2
7062709 7062709 2
7062710 7062710 2
7062711 7062711 2
7062715 7062715 2
7062716 7062716 2
7062901 7062901 2
7062902 7062902 2
7062903 7062903 2
7062904 7062904 2
7062905 7062905 2
7062906 7062906 2
7062909 7062909 2
7062910 7062910 2
7063003 7063003 2
7063005 7063005 2
7063007 7063007 2
7063008 7063008 1
7063009 7063009 2
7063010 7063010 2
7063013 7063013 2
7070101 7070101 2
7070102 7070102 2
7070104 7070104 2
7070201 7070201 1
7070301 7070301 2
7070302 7070302 2
7070304 7070304 2
7070305 7070305 2
7070306 7070306 2
7070307 7070307 2
7070309 7070309 2
7070401 7070401 2
7070402 7070402 2
7070404 7070404 2
7070405 7070405 2
7070406 7070406 2
7070408 7070408 2
7070409 7070409 2
7070410 7070410 2
7070411 7070411 2
7070501 7070501 2
7070502 7070502 2
7070504 7070504 2
7070506 7070506 2
7070601 7070601 2
7070602 7070602 2
7070603 7070603 2
7070604 7070604 2
7070701 7070701 2
7070801 7070801 1
7070802 7070802 2
7070803 7070803 2
7070901 7070901 2
7070902 7070902 2
7070903 7070903 1
7071002 7071002 1
7071004 7071004 2
7071005 7071005 2
7071007 7071007 2
7071008 7071008 2
7071009 7071009 2
7071012 7071012 2
7071013 7071013 2
7071015 7071015 2
7071016 7071016 2
7071019 7071019 2
7071101 7071101 2
7071104 7071104 2
7071108 7071108 2
7071110 7071110 2
7071201 7071201 2
7071202 7071202 2
7071204 7071204 1
7071209 7071209 2
7071212 7071212 2
7071213 7071213 2
7071214 7071214 2
7071216 7071216 2
7071217 7071217 2
7071218 7071218 2
7071302 7071302 2
7071303 7071303 2
7071306 7071306 2
7071307 7071307 2
7071310 7071310 2
7071311 7071311 2
7071313 7071313 2
7071402 7071402 2
7071403 7071403 2
7071404 7071404 2
7071405 7071405 2
7071406 7071406 1
7071407 7071407 2
7071408 7071408 2
7071409 7071409 2
7071410 7071410 2
7071411 7071411 2
7071412 7071412 2
7071413 7071413 1
7071501 7071501 2
7071602 7071602 2
7071701 7071701 2
7071702 7071702 2
7071703 7071703 2
7071704 7071704 2
7071705 7071705 2
7071706 7071706 2
7071708 7071708 2
7071710 7071710 2
7071711 7071711 2
7071713 7071713 2
7071714 7071714 2
7071715 7071715 2
7071716 7071716 2
7071717 7071717 2
7071718 7071718 2
7071719 7071719 2
7071720 7071720 2
7071802 7071802 2
7071808 7071808 2
7071809 7071809 2
7071810 7071810 2
7071901 7071901 2
7071903 7071903 2
7071904 7071904 2
7071905 7071905 2
7072001 7072001 2
7072003 7072003 2
7072004 7072004 2
7072005 7072005 2
7072006 7072006 2
7072008 7072008 2
7072101 7072101 2
7072103 7072103 2
7072104 7072104 2
7072106 7072106 2
7072107 7072107 2
7072109 7072109 2
7072201 7072201 2
7072202 7072202 2
7072401 7072401 2
7072402 7072402 2
7072403 7072403 2
7072404 7072404 2
7072405 7072405 2
7072407 7072407 2
7072409 7072409 2
7072410 7072410 2
7072413 7072413 2
7072415 7072415 2
7072504 7072504 2
7072505 7072505 2
7072506 7072506 2
7072701 7072701 2
7072705 7072705 2
7072706 7072706 2
7072708 7072708 2
7072710 7072710 2
7072803 7072803 2
7072804 7072804 2
7072806 7072806 2
7072809 7072809 2
7072812 7072812 2
7072813 7072813 2
7072814 7072814 2
7072815 7072815 1
7072817 7072817 2
7073001 7073001 2
7073002 7073002 2
7073101 7073101 2
7073103 7073103 2
7073104 7073104 2
7073105 7073105 2
7073106 7073106 2
7073107 7073107 2
7073108 7073108 2
7073109 7073109 2
7073110 7073110 2
7073112 7073112 2
7073113 7073113 2
7073115 7073115 2
7073118 7073118 2
7073119 7073119 2
7073120 7073120 2
7073121 7073121 2
7073122 7073122 2
7073123 7073123 2
7073124 7073124 2
7073125 7073125 2
7073126 7073126 2
7080101 7080101 2
7080103 7080103 2
7080104 7080104 1
7080202 7080202 2
7080203 7080203 2
7080302 7080302 2
7080303 7080303 2
7080306 7080306 2
7080308 7080308 2
7080310 7080310 2
7080402 7080402 1
7080403 7080403 2
7080404 7080404 2
7080405 7080405 2
7080406 7080406 2
7080408 7080408 1
7080409 7080409 2
7080411 7080411 2
7080701 7080701 2
7080702 7080702 2
7080704 7080704 2
7080707 7080707 2
7080708 7080708 2
7080710 7080710 2
7080711 7080711 2
7080712 7080712 2
7080713 7080713 2
7080714 7080714 2
7080715 7080715 2
7080716 7080716 2
7080801 7080801 2
7080802 7080802 1
7080805 7080805 2
7080807 7080807 2
7080810 7080810 2
7080904 7080904 2
7080905 7080905 2
7080906 7080906 2
7080912 7080912 2
7080913 7080913 1
7080914 7080914 2
7081001 7081001 2
7081002 7081002 2
7081003 7081003 2
7081005 7081005 2
7081006 7081006 2
7081007 7081007 2
7081009 7081009 2
7081010 7081010 2
7081012 7081012 2
7081013 7081013 2
7081101 7081101 1
7081103 7081103 2
7081104 7081104 2
7081106 7081106 2
7081107 7081107 2
7081110 7081110 2
7081113 7081113 2
7081114 7081114 2
7081201 7081201 2
7081302 7081302 2
7081303 7081303 2
7081403 7081403 2
7081404 7081404 2
7081406 7081406 2
7081413 7081413 2
7081415 7081415 2
7081501 7081501 2
7081502 7081502 2
7081505 7081505 2
7081508 7081508 2
7081509 7081509 2
7081510 7081510 2
7081512 7081512 2
7081601 7081601 2
7081602 7081602 2
7081603 7081603 2
7081606 7081606 2
7081608 7081608 2
7081610 7081610 2
7081703 7081703 2
7081707 7081707 2
7081709 7081709 2
7081803 7081803 2
7081806 7081806 2
7081807 7081807 2
7081811 7081811 2
7081812 7081812 2
7081813 7081813 2
7082002 7082002 2
7082003 7082003 2
7082004 7082004 2
7082005 7082005 2
7082006 7082006 2
7082101 7082101 2
7082102 7082102 2
7082103 7082103 2
7082104 7082104 2
7082105 7082105 2
7082107 7082107 2
7082108 7082108 2
7082111 7082111 2
7082112 7082112 2
7082113 7082113 2
7082114 7082114 2
7082116 7082116 2
7082119 7082119 2
7082121 7082121 2
7082122 7082122 2
7082123 7082123 2
7082203 7082203 2
7082207 7082207 2
7082208 7082208 2
7082209 7082209 2
7082210 7082210 2
7082211 7082211 2
7082212 7082212 2
7082302 7082302 2
7082303 7082303 2
7082305 7082305 2
7082306 7082306 2
7082307 7082307 2
7082308 7082308 2
7082311 7082311 2
7082405 7082405 2
7082406 7082406 2
7082408 7082408 2
7082501 7082501 1
7082502 7082502 2
7082503 7082503 2
7082504 7082504 2
7082505 7082505 2
7082507 7082507 2
7082509 7082509 2
7082510 7082510 2
7082601 7082601 1
7082602 7082602 2
7082604 7082604 2
7082803 7082803 2
7082805 7082805 2
7082806 7082806 2
7082808 7082808 2
7082811 7082811 2
7082813 7082813 1
7082816 7082816 2
7082902 7082902 2
7082905 7082905 2
7082906 7082906 2
7082907 7082907 2
7083001 7083001 2
7083003 7083003 2
7083005 7083005 2
7083006 7083006 2
7083007 7083007 1
7083008 7083008 2
7083009 7083009 2
7083010 7083010 2
7083011 7083011 2
7083013 7083013 2
7083014 7083014 2
7083101 7083101 1
7083103 7083103 2
7083104 7083104 1
7083105 7083105 2
7090105 7090105 2
7090106 7090106 2
7090107 7090107 2
7090108 7090108 2
7090109 7090109 2
7090111 7090111 2
7090112 7090112 2
7090115 7090115 2
7090116 7090116 2
7090118 7090118 2
7090119 7090119 2
7090201 7090201 2
7090202 7090202 2
7090301 7090301 2
7090401 7090401 2
7090402 7090402 2
7090403 7090403 2
7090405 7090405 2
7090407 7090407 2
7090408 7090408 2
7090409 7090409 2
7090412 7090412 2
7090413 7090413 2
7090414 7090414 2
7090415 7090415 2
7090416 7090416 2
7090419 7090419 2
7090421 7090421 2
7090502 7090502 2
7090504 7090504 2
7090602 7090602 2
7090604 7090604 2
7090605 7090605 2
7090606 7090606 2
7090607 7090607 2
7090608 7090608 2
7090609 7090609 2
7090701 7090701 2
7090702 7090702 2
7090704 7090704 2
7090801 7090801 2
7090805 7090805 1
7090806 7090806 2
7090807 7090807 2
7090901 7090901 2
7090902 7090902 2
7091001 7091001 2
7091102 7091102 2
7091103 7091103 2
7091104 7091104 2
7091105 7091105 2
7091106 7091106 2
7091107 7091107 2
7091108 7091108 2
7091111 7091111 2
7091112 7091112 2
7091114 7091114 2
7091116 7091116 2
7091201 7091201 2
7091202 7091202 2
7091203 7091203 2
7091204 7091204 2
7091205 7091205 2
7091209 7091209 2
7091210 7091210 2
7091211 7091211 1
7091213 7091213 2
7091301 7091301 1
7091302 7091302 2
7091306 7091306 2
7091307 7091307 2
7091308 7091308 2
7091309 7091309 2
7091310 7091310 2
7091311 7091311 2
7091401 7091401 2
7091402 7091402 2
7091403 7091403 2
7091404 7091404 2
7091407 7091407 2
7091408 7091408 2
7091504 7091504 2
7091505 7091505 2
7091508 7091508 2
7091510 7091510 2
7091514 7091514 2
7091601 7091601 2
7091701 7091701 2
7091702 7091702 2
7091804 7091804 2
7091805 7091805 2
7091806 7091806 2
7091807 7091807 2
7091808 7091808 2
7091810 7091810 1
7091811 7091811 2
7091901 7091901 1
7091902 7091902 2
7091903 7091903 2
7091904 7091904 2
7091905 7091905 2
7091906 7091906 2
7091907 7091907 2
7091908 7091908 2
7092002 7092002 2
7092004 7092004 2
7092005 7092005 2
7092006 7092006 2
7092007 7092007 2
7092101 7092101 2
7092103 7092103 2
7092104 7092104 2
7092105 7092105 2
7092106 7092106 2
7092108 7092108 2
7092109 7092109 2
7092201 7092201 1
7092202 7092202 2
7092204 7092204 2
7092205 7092205 2
7092207 7092207 2
7092208 7092208 2
7092209 7092209 2
7092211 7092211 2
7092304 7092304 2
7092305 7092305 2
7092306 7092306 2
7092402 7092402 2
7092502 7092502 2
7092503 7092503 2
7092504 7092504 2
7092506 7092506 2
7092507 7092507 2
7092509 7092509 2
7092511 7092511 2
7092601 7092601 2
7092603 7092603 2
7092606 7092606 2
7092607 7092607 2
7092608 7092608 2
7092609 7092609 2
7092610 7092610 2
7092611 7092611 2
7092612 7092612 2
7092613 7092613 2
7092702 7092702 2
7092703 7092703 2
7092705 7092705 2
7092706 7092706 2
7092801 7092801 2
7092802 7092802 2
7092803 7092803 2
7092901 7092901 2
7092902 7092902 2
7092903 7092903 2
7092904 7092904 2
7092905 7092905 2
7093001 7093001 2
7093002 7093002 2
7093004 7093004 2
7100201 7100201 2
7100301 7100301 2
7100302 7100302 2
7100501 7100501 2
7100502 7100502 2
7100503 7100503 2
7100505 7100505 2
7100506 7100506 2
7100604 7100604 2
7100701 7100701 2
7100702 7100702 2
7100703 7100703 2
7100801 7100801 2
7100803 7100803 2
7100804 7100804 2
7100805 7100805 2
7100806 7100806 2
7100807 7100807 2
7100808 7100808 2
7100901 7100901 2
7100904 7100904 2
7100907 7100907 2
7101001 7101001 2
7101002 7101002 2
7101003 7101003 2
7101004 7101004 2
7101005 7101005 2
7101007 7101007 1
7101102 7101102 2
7101104 7101104 2
7101105 7101105 2
7101106 7101106 2
7101107 7101107 2
7101108 7101108 2
7101109 7101109 2
7101111 7101111 2
7101203 7101203 2
7101204 7101204 2
7101205 7101205 2
7101207 7101207 2
7101208 7101208 2
7101209 7101209 2
7101210 7101210 2
7101211 7101211 1
7101212 7101212 2
7101214 7101214 2
7101301 7101301 2
7101303 7101303 2
7101304 7101304 2
7101305 7101305 2
7101308 7101308 2
7101310 7101310 2
7101315 7101315 2
7101316 7101316 2
7101402 7101402 2
7101601 7101601 2
7101603 7101603 2
7101605 7101605 2
7101607 7101607 2
7101609 7101609 2
7101611 7101611 2
7101612 7101612 2
7101617 7101617 2
7101620 7101620 2
7101621 7101621 2
7101701 7101701 2
7101702 7101702 2
7101703 7101703 2
7101704 7101704 2
7101705 7101705 2
7101706 7101706 2
7101707 7101707 2
7101709 7101709 2
7101711 7101711 2
7101712 7101712 2
7101713 7101713 2
7101717 7101717 2
7101718 7101718 2
7101719 7101719 2
7101801 7101801 2
7101803 7101803 2
7101805 7101805 2
7101806 7101806 2
7101807 7101807 2
7101809 7101809 2
7101811 7101811 2
7101812 7101812 2
7101902 7101902 2
7102001 7102001 2
7102003 7102003 2
7102006 7102006 2
7102008 7102008 2
7102102 7102102 2
7102201 7102201 2
7102302 7102302 2
7102304 7102304 2
7102305 7102305 2
7102306 7102306 2
7102307 7102307 2
7102310 7102310 2
7102314 7102314 2
7102401 7102401 2
7102402 7102402 2
7102403 7102403 1
7102404 7102404 2
7102405 7102405 2
7102504 7102504 2
7102506 7102506 2
7102507 7102507 2
7102509 7102509 2
7102604 7102604 2
7102606 7102606 2
7102609 7102609 2
7102611 7102611 2
7102701 7102701 2
7102702 7102702 2
7102703 7102703 2
7102704 7102704 2
7102706 7102706 2
7102708 7102708 2
7102709 7102709 1
7102710 7102710 2
7102711 7102711 2
7102712 7102712 2
7102801 7102801 2
7102802 7102802 2
7102803 7102803 2
7102804 7102804 2
7102901 7102901 2
7102902 7102902 2
7102904 7102904 2
7102905 7102905 2
7102907 7102907 2
7102908 7102908 2
7102909 7102909 2
7103001 7103001 2
7103003 7103003 2
7103004 7103004 2
7103005 7103005 2
7103006 7103006 2
7103007 7103007 2
7103008 7103008 2
7103009 7103009 2
7103010 7103010 2
7103012 7103012 2
7103014 7103014 2
7103015 7103015 2
7103016 7103016 2
7103017 7103017 2
7103102 7103102 2
7103105 7103105 2
7103106 7103106 2
7103107 7103107 2
7110101 7110101 2
7110103 7110103 2
7110104 7110104 2
7110106 7110106 2
7110107 7110107 2
7110201 7110201 2
7110203 7110203 2
7110204 7110204 2
7110207 7110207 2
7110208 7110208 2
7110301 7110301 2
7110302 7110302 2
7110304 7110304 2
7110307 7110307 2
7110308 7110308 2
7110309 7110309 2
7110501 7110501 1
7110502 7110502 2
7110503 7110503 2
7110602 7110602 2
7110604 7110604 2
7110605 7110605 1
7110607 7110607 2
7110611 7110611 2
7110612 7110612 2
7110615 7110615 2
7110616 7110616 2
7110701 7110701 2
7110704 7110704 2
7110706 7110706 2
7110707 7110707 2
7110708 7110708 2
7110709 7110709 2
7110711 7110711 2
7110802 7110802 2
7110803 7110803 2
7110804 7110804 2
7110805 7110805 2
7110806 7110806 2
7110808 7110808 2
7110809 7110809 2
7110810 7110810 2
7110812 7110812 2
7110813 7110813 2
7110814 7110814 2
7110901 7110901 2
7110902 7110902 2
7110903 7110903 2
7110904 7110904 2
7111003 7111003 2
7111006 7111006 2
7111007 7111007 2
7111008 7111008 2
7111009 7111009 2
7111101 7111101 2
7111104 7111104 2
7111201 7111201 2
7111204 7111204 2
7111205 7111205 2
7111207 7111207 2
7111208 7111208 2
7111209 7111209 2
7111302 7111302 2
7111303 7111303 2
7111304 7111304 2
7111305 7111305 2
7111309 7111309 2
7111310 7111310 2
7111311 7111311 2
7111312 7111312 1
7111314 7111314 2
7111315 7111315 2
7111316 7111316 2
7111317 7111317 2
7111401 7111401 2
7111402 7111402 2
7111403 7111403 2
7111404 7111404 2
7111406 7111406 2
7111408 7111408 2
7111409 7111409 2
7111410 7111410 2
7111501 7111501 2
7111503 7111503 2
7111506 7111506 2
7111507 7111507 2
7111508 7111508 2
7111509 7111509 2
7111510 7111510 2
7111601 7111601 2
7111602 7111602 2
7111604 7111604 2
7111605 7111605 2
7111606 7111606 2
7111607 7111607 2
7111610 7111610 2
7111611 7111611 2
7111612 7111612 2
7111901 7111901 2
7111902 7111902 2
7111903 7111903 2
7111904 7111904 2
7112001 7112001 2
7112002 7112002 2
7112003 7112003 2
7112004 7112004 2
7112008 7112008 2
7112009 7112009 2
7112010 7112010 2
7112013 7112013 2
7112014 7112014 2
7112101 7112101 2
7112102 7112102 2
7112103 7112103 2
7112202 7112202 2
7112203 7112203 2
7112204 7112204 2
7112208 7112208 2
7112210 7112210 2
7112301 7112301 2
7112303 7112303 2
7112304 7112304 2
7112305 7112305 2
7112401 7112401 2
7112501 7112501 2
7112503 7112503 2
7112505 7112505 2
7112506 7112506 2
7112602 7112602 2
7112701 7112701 2
7112703 7112703 2
7112704 7112704 2
7112706 7112706 2
7112708 7112708 2
7112709 7112709 2
7112713 7112713 2
7112801 7112801 2
7112802 7112802 2
7112805 7112805 1
7112901 7112901 2
7112902 7112902 2
7112904 7112904 2
7112906 7112906 2
7112907 7112907 2
7112908 7112908 2
7112910 7112910 2
7112913 7112913 2
7112914 7112914 2
7113001 7113001 2
7113002 7113002 2
7113004 7113004 1
7120102 7120102 2
7120104 7120104 2
7120106 7120106 2
7120113 7120113 2
7120114 7120114 2
7120302 7120302 2
7120402 7120402 2
7120403 7120403 2
7120404 7120404 2
7120405 7120405 2
7120407 7120407 2
7120501 7120501 2
7120502 7120502 2
7120509 7120509 2
7120513 7120513 2
7120514 7120514 2
7120515 7120515 2
7120516 7120516 2
7120601 7120601 2
7120606 7120606 2
7120607 7120607 2
7120610 7120610 2
7120612 7120612 2
7120613 7120613 2
7120614 7120614 2
7120706 7120706 2
7120709 7120709 2
7120710 7120710 2
7120802 7120802 2
7120803 7120803 1
7120804 7120804 2
7120805 7120805 2
7120806 7120806 2
7120807 7120807 1
7120808 7120808 2
7120810 7120810 2
7120811 7120811 2
7120812 7120812 2
7120813 7120813 2
7120814 7120814 2
7120902 7120902 2
7120904 7120904 2
7121101 7121101 2
7121102 7121102 2
7121103 7121103 2
7121106 7121106 2
7121108 7121108 2
7121109 7121109 2
7121111 7121111 2
7121112 7121112 2
7121113 7121113 2
7121114 7121114 2
7121116 7121116 2
7121118 7121118 2
7121201 7121201 2
7121202 7121202 2
7121203 7121203 2
7121205 7121205 2
7121206 7121206 2
7121207 7121207 2
7121210 7121210 2
7121301 7121301 2
7121401 7121401 2
7121402 7121402 2
7121403 7121403 2
7121504 7121504 2
7121506 7121506 2
7121508 7121508 2
7121601 7121601 2
7121702 7121702 2
7121801 7121801 2
7121802 7121802 2
7121804 7121804 2
7121805 7121805 2
7121808 7121808 2
7121811 7121811 2
7121812 7121812 2
7121814 7121814 2
7121815 7121815 2
7121816 7121816 2
7121818 7121818 2
7121819 7121819 2
7121820 7121820 2
7121901 7121901 2
7121902 7121902 2
7121903 7121903 2
7121904 7121904 2
7121908 7121908 2
7121910 7121910 2
7122001 7122001 2
7122002 7122002 2
7122003 7122003 2
7122004 7122004 2
7122005 7122005 1
7122006 7122006 2
7122007 7122007 2
7122009 7122009 2
7122102 7122102 2
7122104 7122104 2
7122106 7122106 2
7122201 7122201 2
7122202 7122202 2
7122203 7122203 2
7122206 7122206 2
7122207 7122207 2
7122502 7122502 2
7122503 7122503 2
7122505 7122505 1
7122506 7122506 2
7122508 7122508 2
7122602 7122602 2
7122606 7122606 2
7122801 7122801 2
7122802 7122802 2
7122803 7122803 2
7122806 7122806 2
7122808 7122808 2
7122809 7122809 2
7122811 7122811 2
7122813 7122813 2
7122902 7122902 2
8010101 8010101 2
8010103 8010103 2
8010106 8010106 2
8010201 8010201 2
8010203 8010203 2
8010204 8010204 2
8010206 8010206 2
8010207 8010207 2
8010211 8010211 2
8010213 8010213 2
8010215 8010215 2
8010301 8010301 2
8010302 8010302 2
8010303 8010303 2
8010306 8010306 2
8010307 8010307 2
8010308 8010308 2
8010309 8010309 2
8010310 8010310 2
8010311 8010311 2
8010312 8010312 2
8010313 8010313 2
8010314 8010314 2
8010315 8010315 2
8010316 8010316 2
8010317 8010317 2
8010401 8010401 2
8010402 8010402 2
8010403 8010403 2
8010404 8010404 2
8010406 8010406 2
8010409 8010409 2
8010410 8010410 2
8010411 8010411 2
8010413 8010413 2
8010501 8010501 2
8010503 8010503 2
8010504 8010504 2
8010505 8010505 1
8010508 8010508 2
8010512 8010512 2
8010513 8010513 2
8010514 8010514 2
8010515 8010515 2
8010602 8010602 2
8010604 8010604 2
8010701 8010701 2
8010801 8010801 2
8010803 8010803 2
8010805 8010805 2
8010807 8010807 2
8010808 8010808 2
8010809 8010809 2
8010811 8010811 2
8010813 8010813 2
8010818 8010818 2
8010819 8010819 2
8010821 8010821 2
8010901 8010901 2
8010902 8010902 2
8010903 8010903 2
8010906 8010906 2
8011010 8011010 2
8011011 8011011 2
8011015 8011015 2
8011101 8011101 2
8011202 8011202 2
8011203 8011203 2
8011204 8011204 2
8011207 8011207 2
8011209 8011209 2
8011210 8011210 2
8011401 8011401 2
8011502 8011502 2
8011503 8011503 2
8011504 8011504 2
8011507 8011507 2
8011602 8011602 2
8011604 8011604 2
8011605 8011605 2
8011606 8011606 2
8011607 8011607 2
8011702 8011702 2
8011703 8011703 2
8011704 8011704 2
8011706 8011706 2
8011707 8011707 2
8011709 8011709 2
8011710 8011710 2
8011711 8011711 2
8011801 8011801 2
8011806 8011806 2
8011809 8011809 2
8011902 8011902 2
8011903 8011903 2
8011904 8011904 2
8011907 8011907 2
8011908 8011908 2
8011909 8011909 2
8011910 8011910 2
8011912 8011912 2
8011913 8011913 2
8011914 8011914 2
8011915 8011915 2
8011916 8011916 2
8012001 8012001 2
8012003 8012003 2
8012101 8012101 2
8012102 8012102 2
8012201 8012201 2
8012202 8012202 2
8012205 8012205 2
8012208 8012208 2
8012209 8012209 2
8012210 8012210 2
8012211 8012211 2
8012215 8012215 2
8012217 8012217 2
8012218 8012218 2
8012220 8012220 2
8012301 8012301 2
8012304 8012304 2
8012306 8012306 2
8012307 8012307 2
8012309 8012309 2
8012311 8012311 2
8012313 8012313 2
8012315 8012315 2
8012401 8012401 2
8012404 8012404 2
8012406 8012406 2
8012501 8012501 2
8012502 8012502 2
8012506 8012506 2
8012508 8012508 2
8012601 8012601 2
8012602 8012602 2
8012603 8012603 2
8012605 8012605 2
8012607 8012607 2
8012608 8012608 2
8012609 8012609 2
8012610 8012610 2
8012611 8012611 2
8012701 8012701 2
8012702 8012702 2
8012703 8012703 2
8012704 8012704 2
8012903 8012903 2
8012904 8012904 2
8012908 8012908 2
8012910 8012910 2
8012911 8012911 2
8013001 8013001 2
8013002 8013002 2
8013004 8013004 2
8013005 8013005 2
8013007 8013007 2
8013009 8013009 2
8013102 8013102 2
8013103 8013103 2
8013104 8013104 2
8013105 8013105 2
8020101 8020101 2
8020104 8020104 2
8020106 8020106 2
8020202 8020202 2
8020207 8020207 2
8020301 8020301 2
8020403 8020403 2
8020405 8020405 2
8020501 8020501 2
8020502 8020502 2
8020509 8020509 2
8020511 8020511 2
8020512 8020512 2
8020515 8020515 2
8020516 8020516 2
8020520 8020520 2
8020521 8020521 2
8020522 8020522 2
8020524 8020524 2
8020602 8020602 2
8020603 8020603 2
8020604 8020604 2
8020606 8020606 2
8020607 8020607 2
8020609 8020609 2
8020610 8020610 2
8020617 8020617 2
8020618 8020618 2
8020620 8020620 2
8020701 8020701 2
8020706 8020706 2
8020707 8020707 2
8020710 8020710 2
8020711 8020711 2
8020713 8020713 2
8020714 8020714 2
8020716 8020716 2
8020717 8020717 2
8020718 8020718 2
8020803 8020803 2
8020805 8020805 2
8020806 8020806 2
8020808 8020808 2
8020809 8020809 2
8020810 8020810 1
8020902 8020902 2
8020905 8020905 2
8020906 8020906 2
8020907 8020907 2
8020908 8020908 2
8020911 8020911 2
8020912 8020912 2
8020913 8020913 2
8020915 8020915 2
8021002 8021002 2
8021201 8021201 2
8021205 8021205 2
8021206 8021206 2
8021207 8021207 2
8021211 8021211 2
8021214 8021214 2
8022201 8022201 2
8022203 8022203 2
8022204 8022204 2
8022502 8022502 2
8022701 8022701 2
8030401 8030401 2
8031002 8031002 2
8031103 8031103 2
8031104 8031104 2
8031205 8031205 2
8031209 8031209 2
8031302 8031302 2
8031303 8031303 2
8031304 8031304 2
8031310 8031310 2
8031311 8031311 2
8031312 8031312 2
8031317 8031317 2
8031401 8031401 2
8031504 8031504 2
8031601 8031601 2
8031603 8031603 2
8031604 8031604 2
8031605 8031605 2
8031701 8031701 2
8031801 8031801 2
8031901 8031901 2
8031902 8031902 2
8031904 8031904 2
8031905 8031905 2
8031908 8031908 2
8031909 8031909 2
8031911 8031911 2
8031916 8031916 2
8031917 8031917 2
8031918 8031918 2
8031919 8031919 2
8031920 8031920 2
8031921 8031921 1
8032001 8032001 2
8032003 8032003 2
8032005 8032005 2
8032006 8032006 2
8032009 8032009 2
8032013 8032013 2
8032017 8032017 2
8032018 8032018 2
8032019 8032019 2
8032102 8032102 2
8032108 8032108 2
8032109 8032109 2
8032110 8032110 2
8032204 8032204 2
8032206 8032206 2
8032207 8032207 2
8032301 8032301 2
8032302 8032302 2
8032502 8032502 2
8032601 8032601 2
8032602 8032602 2
8032603 8032603 2
8032604 8032604 2
8032605 8032605 2
8032607 8032607 2
8032609 8032609 2
8032611 8032611 2
8032612 8032612 2
8032617 8032617 2
8032618 8032618 2
8032702 8032702 1
8032704 8032704 2
8032705 8032705 2
8032706 8032706 2
8032707 8032707 2
8032708 8032708 2
8032710 8032710 2
8032711 8032711 2
8032712 8032712 2
8032715 8032715 2
8032801 8032801 2
8032806 8032806 2
8032807 8032807 2
8032808 8032808 2
8032902 8032902 2
8032907 8032907 2
8033001 8033001 2
8033003 8033003 2
8033005 8033005 2
8040202 8040202 2
8040204 8040204 2
8040207 8040207 2
8040208 8040208 2
8040301 8040301 2
8040306 8040306 2
8040307 8040307 2
8040310 8040310 2
8040311 8040311 2
8040312 8040312 2
8040316 8040316 2
8040401 8040401 2
8040402 8040402 2
8040405 8040405 2
8040406 8040406 2
8040408 8040408 2
8040410 8040410 2
8040412 8040412 1
8040416 8040416 2
8040417 8040417 2
8040601 8040601 2
8040701 8040701 2
8040702 8040702 2
8040901 8040901 2
8040903 8040903 2
8040908 8040908 2
8040909 8040909 2
8040910 8040910 2
8040914 8040914 2
8040915 8040915 2
8040916 8040916 2
8040917 8040917 2
8040918 8040918 1
8041001 8041001 2
8041002 8041002 2
8041005 8041005 1
8041102 8041102 2
8041201 8041201 2
8041204 8041204 2
8041205 8041205 2
8041213 8041213 2
8041214 8041214 2
8041301 8041301 2
8041304 8041304 2
8041306 8041306 2
8041601 8041601 2
8041602 8041602 2
8041604 8041604 2
8041605 8041605 2
8041606 8041606 2
8041607 8041607 2
8041608 8041608 2
8041610 8041610 2
8041618 8041618 2
8041620 8041620 2
8041622 8041622 1
8041704 8041704 2
8041707 8041707 2
8041709 8041709 2
8041803 8041803 2
8041804 8041804 2
8041805 8041805 2
8041809 8041809 2
8041812 8041812 2
8041813 8041813 2
8041814 8041814 2
8041815 8041815 2
8041817 8041817 2
8041904 8041904 2
8041905 8041905 2
8042001 8042001 2
8042004 8042004 2
8042006 8042006 2
8042007 8042007 2
8042008 8042008 2
8042010 8042010 2
8042012 8042012 2
8042013 8042013 2
8042102 8042102 2
8042301 8042301 2
8042305 8042305 2
8042307 8042307 2
8042312 8042312 2
8042314 8042314 2
8042315 8042315 2
8042402 8042402 2
8042407 8042407 2
8042502 8042502 2
8042503 8042503 2
8042505 8042505 2
8042506 8042506 1
8042601 8042601 2
8042604 8042604 1
8042606 8042606 2
8042701 8042701 2
8042704 8042704 2
8042706 8042706 2
8042708 8042708 1
8042801 8042801 2
8042803 8042803 2
8050101 8050101 2
8050102 8050102 2
8050103 8050103 2
8050201 8050201 2
8050202 8050202 2
8050203 8050203 1
8050204 8050204 2
8050206 8050206 2
8050207 8050207 2
8050208 8050208 2
8050209 8050209 2
8050212 8050212 1
8050213 8050213 2
8050214 8050214 2
8050215 8050215 2
8050217 8050217 2
8050218 8050218 2
8050301 8050301 2
8050304 8050304 2
8050306 8050306 2
8050307 8050307 2
8050308 8050308 2
8050309 8050309 2
8050313 8050313 2
8050404 8050404 2
8050405 8050405 1
8050406 8050406 2
8050407 8050407 2
8050409 8050409 2
8050412 8050412 1
8050413 8050413 2
8050415 8050415 2
8050416 8050416 2
8050417 8050417 2
8050421 8050421 2
8050601 8050601 2
8050701 8050701 2
8050702 8050702 2
8050703 8050703 2
8050706 8050706 2
8050707 8050707 2
8050708 8050708 2
8050709 8050709 2
8050710 8050710 2
8050711 8050711 1
8050714 8050714 2
8050716 8050716 2
8050718 8050718 2
8050720 8050720 2
8050722 8050722 2
8050801 8050801 2
8050803 8050803 2
8050804 8050804 2
8050806 8050806 2
8050810 8050810 2
8050901 8050901 2
8050903 8050903 2
8050904 8050904 2
8050905 8050905 2
8051003 8051003 1
8051004 8051004 2
8051005 8051005 2
8051007 8051007 2
8051010 8051010 2
8051011 8051011 2
8051101 8051101 2
8051103 8051103 2
8051105 8051105 2
8051301 8051301 2
8051302 8051302 2
8051303 8051303 2
8051402 8051402 2
8051403 8051403 2
8051405 8051405 2
8051406 8051406 2
8051408 8051408 2
8051409 8051409 2
8051410 8051410 2
8051412 8051412 2
8051413 8051413 2
8051414 8051414 2
8051417 8051417 2
8051505 8051505 2
8051506 8051506 2
8051601 8051601 2
8051603 8051603 2
8051604 8051604 2
8051605 8051605 1
8051607 8051607 2
8051608 8051608 2
8051609 8051609 2
8051610 8051610 2
8051701 8051701 2
8051702 8051702 2
8051703 8051703 2
8051709 8051709 2
8051710 8051710 2
8051802 8051802 2
8051804 8051804 2
8051805 8051805 2
8051807 8051807 2
8051809 8051809 2
8051810 8051810 2
8051901 8051901 2
8052103 8052103 2
8052105 8052105 2
8052108 8052108 2
8052202 8052202 2
8052206 8052206 2
8052208 8052208 2
8052211 8052211 2
8052213 8052213 2
8052215 8052215 2
8052216 8052216 2
8052304 8052304 2
8052306 8052306 2
8052309 8052309 2
8052310 8052310 2
8052311 8052311 2
8052401 8052401 2
8052404 8052404 2
8052406 8052406 2
8052407 8052407 2
8052408 8052408 2
8052502 8052502 2
8052504 8052504 1
8052505 8052505 2
8052510 8052510 2
8052801 8052801 2
8052802 8052802 2
8052805 8052805 2
8052806 8052806 1
8052809 8052809 2
8052811 8052811 2
8052812 8052812 2
8052815 8052815 2
8052818 8052818 2
8052903 8052903 2
8052904 8052904 2
8052906 8052906 2
8052908 8052908 2
8052910 8052910 2
8052913 8052913 2
8052915 8052915 2
8052918 8052918 2
8052919 8052919 2
8053003 8053003 2
8053005 8053005 2
8053101 8053101 2
8053102 8053102 2
8053103 8053103 2
8053106 8053106 2
8053107 8053107 2
8053108 8053108 2
8053109 8053109 2
8060103 8060103 2
8060105 8060105 2
8060107 8060107 2
8060109 8060109 2
8060111 8060111 1
8060113 8060113 2
8060117 8060117 2
8060120 8060120 2
8060121 8060121 2
8060401 8060401 2
8060409 8060409 2
8060505 8060505 2
8060601 8060601 2
8060603 8060603 1
8060705 8060705 2
8060707 8060707 2
8060710 8060710 2
8060712 8060712 2
8060713 8060713 2
8060804 8060804 2
8060805 8060805 2
8060806 8060806 2
8060808 8060808 2
8060809 8060809 2
8060810 8060810 2
8061001 8061001 2
8061002 8061002 2
8061101 8061101 2
8061105 8061105 1
8061106 8061106 2
8061108 8061108 2
8061110 8061110 2
8061112 8061112 2
8061113 8061113 2
8061114 8061114 2
8061117 8061117 2
8061201 8061201 2
8061202 8061202 2
8061204 8061204 2
8061205 8061205 2
8061206 8061206 2
8061208 8061208 2
8061211 8061211 2
8061304 8061304 2
8061306 8061306 2
8061307 8061307 2
8061401 8061401 2
8061404 8061404 2
8061406 8061406 2
8061501 8061501 2
8061502 8061502 2
8061503 8061503 2
8061504 8061504 2
8061701 8061701 2
8061901 8061901 2
8061903 8061903 2
8061904 8061904 2
8061906 8061906 2
8061907 8061907 2
8061909 8061909 2
8061912 8061912 2
8061914 8061914 2
8061916 8061916 2
8061917 8061917 2
8061918 8061918 2
8061920 8061920 2
8061922 8061922 2
8062002 8062002 2
8062004 8062004 2
8062006 8062006 2
8062007 8062007 2
8062009 8062009 2
8062010 8062010 2
8062012 8062012 2
8062013 8062013 2
8062014 8062014 2
8062015 8062015 2
8062101 8062101 2
8062103 8062103 2
8062107 8062107 2
8062108 8062108 2
8062110 8062110 1
8062111 8062111 2
8062113 8062113 2
8062402 8062402 2
8062403 8062403 2
8062502 8062502 2
8062507 8062507 2
8062509 8062509 2
8062601 8062601 2
8062602 8062602 2
8062609 8062609 2
8062610 8062610 2
8062612 8062612 2
8062702 8062702 2
8062703 8062703 2
8062704 8062704 2
8062706 8062706 2
8062709 8062709 2
8062710 8062710 2
8062711 8062711 2
8062803 8062803 2
8062804 8062804 2
8062902 8062902 2
8062903 8062903 2
8062904 8062904 2
8062906 8062906 2
8070201 8070201 2
8070202 8070202 2
8070204 8070204 2
8070205 8070205 2
8070207 8070207 2
8070209 8070209 2
8070211 8070211 2
8070212 8070212 2
8070215 8070215 2
8070217 8070217 2
8070218 8070218 2
8070219 8070219 2
8070220 8070220 2
8070301 8070301 2
8070302 8070302 2
8070303 8070303 2
8070305 8070305 2
8070307 8070307 2
8070310 8070310 2
8070312 8070312 2
8070314 8070314 2
8070317 8070317 2
8070401 8070401 2
8070403 8070403 2
8070404 8070404 2
8070407 8070407 2
8070409 8070409 2
8070410 8070410 2
8070416 8070416 2
8070503 8070503 2
8070505 8070505 1
8070508 8070508 2
8070603 8070603 2
8070604 8070604 2
8070605 8070605 1
8070610 8070610 2
8070611 8070611 2
8070614 8070614 2
8070616 8070616 2
8070901 8070901 2
8070902 8070902 2
8070905 8070905 2
8070908 8070908 2
8070909 8070909 2
8070911 8070911 1
8070912 8070912 2
8070913 8070913 2
8070915 8070915 2
8071002 8071002 2
8071003 8071003 2
8071006 8071006 2
8071007 8071007 2
8071009 8071009 2
8071010 8071010 2
8071102 8071102 2
8071103 8071103 2
8071104 8071104 2
8071106 8071106 2
8071203 8071203 2
8071206 8071206 2
8071208 8071208 2
8071209 8071209 2
8071301 8071301 2
8071302 8071302 2
8071308 8071308 2
8071602 8071602 2
8071603 8071603 2
8071604 8071604 1
8071606 8071606 2
8071608 8071608 2
8071609 8071609 2
8071613 8071613 2
8071615 8071615 2
8071701 8071701 2
8071707 8071707 2
8071802 8071802 2
8071803 8071803 2
8071807 8071807 2
8071901 8071901 1
8071903 8071903 2
8071904 8071904 2
8071905 8071905 2
8071906 8071906 2
8071908 8071908 2
8071909 8071909 2
8071912 8071912 2
8072001 8072001 2
8072201 8072201 2
8072204 8072204 2
8072301 8072301 2
8072306 8072306 2
8072307 8072307 2
8072310 8072310 2
8072401 8072401 2
8072402 8072402 2
8072405 8072405 2
8072406 8072406 2
8072408 8072408 2
8072502 8072502 2
8072503 8072503 2
8072504 8072504 2
8072505 8072505 2
8072506 8072506 2
8072510 8072510 2
8072514 8072514 2
8072601 8072601 2
8072603 8072603 2
8072604 8072604 2
8072605 8072605 2
8072612 8072612 2
8072614 8072614 2
8072703 8072703 2
8072704 8072704 2
8072705 8072705 1
8072709 8072709 2
8072801 8072801 2
8073004 8073004 2
8073005 8073005 2
8073007 8073007 2
8073010 8073010 2
8073012 8073012 2
8073014 8073014 2
8073015 8073015 2
8073101 8073101 2
8073103 8073103 2
8073105 8073105 2
8073106 8073106 2
8073107 8073107 2
8073108 8073108 2
8073109 8073109 2
8073110 8073110 2
8073111 8073111 2
8073112 8073112 2
8073113 8073113 2
8073116 8073116 2
8080102 8080102 2
8080104 8080104 2
8080105 8080105 2
8080106 8080106 2
8080107 8080107 2
8080108 8080108 2
8080110 8080110 2
8080111 8080111 2
8080203 8080203 2
8080204 8080204 2
8080205 8080205 2
8080206 8080206 2
8080207 8080207 2
8080208 8080208 2
8080209 8080209 2
8080211 8080211 1
8080213 8080213 2
8080301 8080301 2
8080302 8080302 2
8080304 8080304 2
8080306 8080306 2
8080307 8080307 2
8080502 8080502 2
8080602 8080602 2
8080610 8080610 2
8080613 8080613 2
8080614 8080614 2
8080616 8080616 2
8080618 8080618 2
8080619 8080619 2
8080623 8080623 2
8080624 8080624 2
8080702 8080702 2
8080705 8080705 2
8080709 8080709 2
8080710 8080710 2
8080711 8080711 2
8080712 8080712 2
8080713 8080713 2
8080715 8080715 2
8080802 8080802 2
8080803 8080803 2
8080805 8080805 2
8080806 8080806 2
8080808 8080808 2
8080902 8080902 2
8080905 8080905 2
8081002 8081002 2
8081003 8081003 2
8081004 8081004 2
8081101 8081101 2
8081301 8081301 2
8081303 8081303 2
8081305 8081305 2
8081307 8081307 2
8081308 8081308 2
8081311 8081311 2
8081313 8081313 2
8081314 8081314 2
8081403 8081403 2
8081404 8081404 2
8081405 8081405 1
8081502 8081502 2
8081506 8081506 2
8081508 8081508 2
8081509 8081509 2
8081511 8081511 2
8081513 8081513 2
8081515 8081515 2
8081602 8081602 2
8081603 8081603 2
8081701 8081701 1
8081702 8081702 2
8081901 8081901 1
8081903 8081903 2
8082002 8082002 2
8082006 8082006 2
8082007 8082007 2
8082010 8082010 2
8082012 8082012 2
8082014 8082014 2
8082015 8082015 2
8082018 8082018 2
8082101 8082101 2
8082104 8082104 2
8082107 8082107 1
8082109 8082109 2
8082202 8082202 2
8082203 8082203 2
8082204 8082204 2
8082207 8082207 2
8082210 8082210 2
8082211 8082211 2
8082212 8082212 2
8082213 8082213 2
8082214 8082214 2
8082215 8082215 2
8082217 8082217 2
8082219 8082219 2
8082220 8082220 2
8082221 8082221 2
8082222 8082222 2
8082303 8082303 2
8082306 8082306 2
8082309 8082309 2
8082401 8082401 2
8082402 8082402 2
8082405 8082405 2
8082408 8082408 2
8082409 8082409 2
8082501 8082501 1
8090303 8090303 2
8090304 8090304 2
8090306 8090306 2
8090307 8090307 2
8090312 8090312 2
8090314 8090314 1
8090316 8090316 2
8090317 8090317 2
8090319 8090319 2
8090320 8090320 2
8090402 8090402 2
8090403 8090403 2
8090404 8090404 2
8090407 8090407 2
8090409 8090409 2
8090410 8090410 2
8090411 8090411 2
8090413 8090413 2
8090414 8090414 2
8090415 8090415 2
8090416 8090416 2
8090417 8090417 2
8090502 8090502 2
8090504 8090504 2
8090505 8090505 2
8090507 8090507 2
8090508 8090508 2
8090602 8090602 2
8090603 8090603 2
8090604 8090604 1
8090605 8090605 2
8090606 8090606 2
8090608 8090608 2
8090610 8090610 2
8090702 8090702 2
8090704 8090704 2
8090705 8090705 2
8090709 8090709 2
8090710 8090710 2
8090711 8090711 2
8090712 8090712 2
8091002 8091002 2
8091003 8091003 2
8091005 8091005 2
8091007 8091007 2
8091011 8091011 2
8091012 8091012 2
8091101 8091101 2
8091104 8091104 2
8091105 8091105 2
8091106 8091106 2
8091107 8091107 2
8091109 8091109 2
8091110 8091110 2
8091203 8091203 2
8091205 8091205 2
8091304 8091304 2
8091306 8091306 2
8091401 8091401 2
8091402 8091402 2
8091403 8091403 2
8091404 8091404 2
8091406 8091406 2
8091407 8091407 2
8091701 8091701 2
8091702 8091702 2
8091705 8091705 2
8091803 8091803 2
8091804 8091804 2
8091805 8091805 1
8091807 8091807 2
8091808 8091808 2
8091811 8091811 2
8091814 8091814 2
8091903 8091903 2
8091905 8091905 2
8092001 8092001 2
8092503 8092503 2
8092504 8092504 2
8092505 8092505 2
8092508 8092508 1
8092602 8092602 2
8092603 8092603 2
8092604 8092604 2
8092605 8092605 2
8092606 8092606 1
8092607 8092607 2
8092702 8092702 2
8092707 8092707 2
8092709 8092709 2
8092802 8092802 2
8092804 8092804 2
8092805 8092805 2
8092807 8092807 2
8092808 8092808 2
8092901 8092901 2
8092902 8092902 2
8100802 8100802 2
8100804 8100804 2
8100805 8100805 2
8100806 8100806 2
8100813 8100813 2
8100814 8100814 2
8100817 8100817 2
8100818 8100818 2
8100819 8100819 2
8100822 8100822 2
8100903 8100903 2
8100904 8100904 2
8100905 8100905 2
8100906 8100906 2
8100907 8100907 2
8100909 8100909 2
8100910 8100910 2
8100911 8100911 2
8100912 8100912 2
8100913 8100913 2
8100915 8100915 2
8101003 8101003 2
8101004 8101004 2
8101007 8101007 2
8101015 8101015 2
8101016 8101016 2
8101017 8101017 2
8101018 8101018 2
8101101 8101101 2
8101107 8101107 2
8101108 8101108 2
8101109 8101109 2
8101202 8101202 2
8101205 8101205 2
8101209 8101209 2
8101212 8101212 2
8101213 8101213 2
8101223 8101223 2
8101301 8101301 2
8101502 8101502 2
8101505 8101505 2
8101507 8101507 2
8101509 8101509 2
8101512 8101512 2
8101602 8101602 2
8101604 8101604 2
8101605 8101605 2
8101607 8101607 2
8101608 8101608 2
8101704 8101704 2
8101706 8101706 2
8101707 8101707 2
8101709 8101709 2
8101801 8101801 2
8101802 8101802 2
8101806 8101806 2
8101808 8101808 2
8101811 8101811 2
8101812 8101812 2
8101813 8101813 2
8101901 8101901 2
8101905 8101905 1
8102205 8102205 2
8102207 8102207 2
8102210 8102210 2
8102301 8102301 2
8102305 8102305 2
8102306 8102306 2
8102307 8102307 2
8102308 8102308 2
8102401 8102401 2
8102402 8102402 2
8102501 8102501 2
8102502 8102502 2
8102503 8102503 2
8102505 8102505 2
8102506 8102506 2
8102508 8102508 2
8102601 8102601 2
8102602 8102602 2
8102604 8102604 2
8102605 8102605 2
8102902 8102902 2
8102905 8102905 2
8103003 8103003 2
8103004 8103004 2
8103005 8103005 2
8103007 8103007 2
8103009 8103009 2
8103101 8103101 2
8103104 8103104 2
8103107 8103107 2
8110103 8110103 2
8110107 8110107 2
8110108 8110108 2
8110109 8110109 1
8110110 8110110 2
8110112 8110112 2
8110113 8110113 2
8110203 8110203 2
8110207 8110207 2
8110208 8110208 2
8110210 8110210 2
8110503 8110503 2
8110507 8110507 2
8110508 8110508 2
8110510 8110510 1
8110511 8110511 2
8110512 8110512 2
8110604 8110604 2
8110611 8110611 2
8110704 8110704 2
8110706 8110706 2
8110707 8110707 2
8110708 8110708 2
8110709 8110709 2
8110710 8110710 2
8110802 8110802 2
8110901 8110901 2
8110902 8110902 2
8110903 8110903 2
8110904 8110904 2
8110905 8110905 2
8110906 8110906 2
8110909 8110909 2
8110910 8110910 2
8110911 8110911 2
8110912 8110912 2
8110913 8110913 2
8110914 8110914 2
8111001 8111001 2
8111002 8111002 2
8111102 8111102 2
8111201 8111201 2
8111202 8111202 2
8111205 8111205 2
8111208 8111208 2
8111210 8111210 2
8111212 8111212 2
8111214 8111214 2
8111301 8111301 2
8111306 8111306 2
8111309 8111309 2
8111310 8111310 2
8111312 8111312 2
8111313 8111313 2
8111314 8111314 2
8111315 8111315 2
8111401 8111401 2
8111402 8111402 2
8111502 8111502 2
8111503 8111503 2
8111505 8111505 2
8111601 8111601 2
8111602 8111602 2
8111603 8111603 2
8111606 8111606 2
8111607 8111607 2
8111609 8111609 2
8111611 8111611 2
8111613 8111613 2
8111901 8111901 2
8111902 8111902 2
8111903 8111903 2
8111904 8111904 2
8111906 8111906 1
8111907 8111907 2
8111908 8111908 1
8111909 8111909 2
8112001 8112001 2
8112002 8112002 2
8112003 8112003 2
8112004 8112004 2
8112005 8112005 2
8112007 8112007 2
8112009 8112009 2
8112010 8112010 2
8112011 8112011 2
8112101 8112101 2
8112201 8112201 2
8112202 8112202 2
8112204 8112204 2
8112209 8112209 2
8112301 8112301 2
8112302 8112302 2
8112303 8112303 2
8112306 8112306 2
8112308 8112308 2
8112501 8112501 2
8112502 8112502 2
8112504 8112504 2
8112602 8112602 2
8112603 8112603 2
8112604 8112604 2
8112608 8112608 2
8112702 8112702 1
8112703 8112703 2
8112704 8112704 2
8112705 8112705 2
8112706 8112706 2
8112707 8112707 2
8112801 8112801 2
8112802 8112802 2
8112803 8112803 2
8112901 8112901 2
8112902 8112902 2
8112906 8112906 2
8112907 8112907 2
8112908 8112908 1
8112910 8112910 2
8112911 8112911 2
8113002 8113002 2
8113004 8113004 2
8120103 8120103 2
8120306 8120306 2
8120307 8120307 2
8120309 8120309 2
8120311 8120311 2
8120401 8120401 2
8120402 8120402 2
8120403 8120403 2
8120404 8120404 2
8120405 8120405 2
8120406 8120406 2
8120407 8120407 2
8120409 8120409 2
8120410 8120410 2
8120412 8120412 2
8120413 8120413 1
8120502 8120502 2
8120505 8120505 2
8120507 8120507 2
8120509 8120509 1
8120510 8120510 2
8120514 8120514 2
8120515 8120515 2
8120516 8120516 2
8120517 8120517 2
8120518 8120518 2
8120602 8120602 2
8120603 8120603 2
8120605 8120605 2
8120606 8120606 2
8120607 8120607 2
8120701 8120701 2
8120702 8120702 2
8120703 8120703 2
8120704 8120704 2
8120705 8120705 2
8121001 8121001 2
8121003 8121003 2
8121005 8121005 2
8121007 8121007 2
8121008 8121008 2
8121010 8121010 1
8121011 8121011 2
8121012 8121012 2
8121013 8121013 2
8121015 8121015 2
8121021 8121021 2
8121022 8121022 2
8121102 8121102 2
8121104 8121104 2
8121105 8121105 2
8121107 8121107 2
8121109 8121109 2
8121110 8121110 2
8121113 8121113 2
8121115 8121115 2
8121117 8121117 2
8121118 8121118 2
8121119 8121119 2
8121303 8121303 2
8121304 8121304 2
8121305 8121305 2
8121307 8121307 2
8121309 8121309 2
8121310 8121310 2
8121313 8121313 1
8121314 8121314 2
8121402 8121402 2
8121404 8121404 2
8121406 8121406 2
8121410 8121410 2
8121702 8121702 2
8121703 8121703 2
8121704 8121704 2
8121706 8121706 2
8121707 8121707 2
8121710 8121710 2
8121802 8121802 2
8121804 8121804 2
8121805 8121805 2
8121807 8121807 2
8121808 8121808 2
8121810 8121810 2
8122002 8122002 2
8122003 8122003 2
8122004 8122004 2
8122005 8122005 2
8122006 8122006 2
8122008 8122008 2
8122009 8122009 2
8122010 8122010 2
8122012 8122012 2
8122013 8122013 2
8122014 8122014 2
8122015 8122015 2
8122101 8122101 2
8122102 8122102 2
8122104 8122104 2
8122106 8122106 2
8122107 8122107 2
8122401 8122401 2
8122402 8122402 2
8122403 8122403 2
8122404 8122404 2
8122406 8122406 2
8122408 8122408 2
8122410 8122410 2
8122501 8122501 2
8122503 8122503 2
8122504 8122504 2
8122506 8122506 2
8122507 8122507 2
8122508 8122508 2
8122509 8122509 2
8122510 8122510 2
8122511 8122511 2
8122601 8122601 2
8122603 8122603 2
8122604 8122604 2
8122605 8122605 2
8122606 8122606 1
8122607 8122607 2
8122608 8122608 2
8122609 8122609 2
8122610 8122610 2
8122704 8122704 2
8122708 8122708 2
8122802 8122802 2
8122803 8122803 2
8122804 8122804 2
8122805 8122805 2
8122806 8122806 2
8122807 8122807 2
8122808 8122808 1
8123001 8123001 2
8123103 8123103 2
9010201 9010201 2
9010204 9010204 2
9010206 9010206 2
9010209 9010209 2
9010210 9010210 2
9010301 9010301 2
9010302 9010302 2
9010306 9010306 2
9010311 9010311 1
9010312 9010312 2
9010402 9010402 2
9010404 9010404 2
9010405 9010405 2
9010409 9010409 2
9010410 9010410 2
9010411 9010411 2
9010414 9010414 2
9010416 9010416 2
9010418 9010418 2
9010419 9010419 2
9010501 9010501 2
9010701 9010701 2
9010703 9010703 2
9010704 9010704 2
9010705 9010705 2
9010706 9010706 2
9010707 9010707 2
9010708 9010708 2
9010709 9010709 2
9010710 9010710 2
9010711 9010711 2
9010712 9010712 2
9010713 9010713 2
9010714 9010714 2
9010801 9010801 2
9010803 9010803 2
9010804 9010804 2
9010805 9010805 2
9010806 9010806 2
9010808 9010808 2
9010809 9010809 2
9010810 9010810 2
9010811 9010811 2
9010901 9010901 2
9010902 9010902 2
9010904 9010904 2
9010906 9010906 2
9010907 9010907 2
9010908 9010908 2
9010909 9010909 2
9010910 9010910 2
9010913 9010913 2
9010914 9010914 2
9011002 9011002 2
9011005 9011005 2
9011008 9011008 2
9011101 9011101 2
9011103 9011103 2
9011104 9011104 2
9011105 9011105 2
9011106 9011106 2
9011109 9011109 2
9011110 9011110 2
9011114 9011114 2
9011116 9011116 2
9011117 9011117 2
9011401 9011401 2
9011403 9011403 2
9011405 9011405 2
9011407 9011407 2
9011408 9011408 2
9011409 9011409 2
9011411 9011411 2
9011501 9011501 2
9011502 9011502 2
9011503 9011503 2
9011504 9011504 2
9011505 9011505 2
9011511 9011511 2
9011604 9011604 2
9011605 9011605 2
9011609 9011609 2
9011701 9011701 2
9011702 9011702 2
9011703 9011703 2
9011705 9011705 2
9011706 9011706 2
9011707 9011707 2
9011709 9011709 2
9011802 9011802 2
9011804 9011804 2
9011805 9011805 2
9012101 9012101 2
9012102 9012102 2
9012103 9012103 2
9012104 9012104 2
9012105 9012105 2
9012106 9012106 2
9012108 9012108 2
9012109 9012109 2
9012110 9012110 2
9012111 9012111 2
9012112 9012112 2
9012116 9012116 2
9012117 9012117 2
9012118 9012118 2
9012119 9012119 2
9012201 9012201 2
9012202 9012202 2
9012205 9012205 2
9012208 9012208 2
9012210 9012210 2
9012211 9012211 2
9012213 9012213 2
9012215 9012215 2
9012216 9012216 2
9012217 9012217 2
9012302 9012302 2
9012304 9012304 2
9012305 9012305 2
9012404 9012404 2
9012407 9012407 2
9012408 9012408 2
9012409 9012409 2
9012410 9012410 2
9012412 9012412 2
9012413 9012413 2
9012501 9012501 2
9012504 9012504 2
9012505 9012505 2
9012507 9012507 2
9012508 9012508 2
9012509 9012509 2
9012510 9012510 2
9012801 9012801 2
9012802 9012802 2
9012803 9012803 2
9012804 9012804 2
9012902 9012902 2
9012903 9012903 2
9012904 9012904 2
9012905 9012905 2
9012906 9012906 2
9012908 9012908 2
9012909 9012909 2
9012910 9012910 2
9012911 9012911 2
9012912 9012912 2
9013001 9013001 2
9013002 9013002 2
9013004 9013004 2
9013005 9013005 1
9013007 9013007 2
9013008 9013008 2
9013010 9013010 2
9013013 9013013 2
9013101 9013101 2
9013102 9013102 2
9013103 9013103 2
9013104 9013104 2
9013105 9013105 2
9013106 9013106 1
9013107 9013107 2
9013109 9013109 2
9020101 9020101 2
9020103 9020103 2
9020106 9020106 2
9020108 9020108 2
9020109 9020109 1
9020110 9020110 1
9022501 9022501 2
9022502 9022502 2
9022503 9022503 2
9022504 9022504 2
9022505 9022505 2
9022506 9022506 2
9022507 9022507 2
9022508 9022508 2
9022509 9022509 2
9022510 9022510 2
9022515 9022515 2
9022517 9022517 2
9022601 9022601 2
9022602 9022602 2
9022603 9022603 2
9022604 9022604 2
9022607 9022607 2
9022609 9022609 2
9022610 9022610 2
9022611 9022611 2
9022612 9022612 2
9022617 9022617 2
9022618 9022618 2
9022619 9022619 2
9022701 9022701 2
9022702 9022702 2
9022703 9022703 2
9022705 9022705 2
9022712 9022712 2
9022713 9022713 2
9022714 9022714 2
9022715 9022715 1
9022716 9022716 2
9022801 9022801 2
9022802 9022802 2
9022806 9022806 2
9022808 9022808 2
9022809 9022809 2
9022810 9022810 2
9030103 9030103 2
9030106 9030106 2
9030107 9030107 2
9030110 9030110 2
9030402 9030402 1
9030403 9030403 2
9030406 9030406 2
9030409 9030409 2
9030410 9030410 1
9030413 9030413 2
9030415 9030415 2
9030419 9030419 2
9030421 9030421 2
9030423 9030423 2
9030501 9030501 2
9030503 9030503 2
9030504 9030504 2
9030507 9030507 2
9030509 9030509 2
9030510 9030510 2
9030512 9030512 2
9030517 9030517 2
9030518 9030518 2
9030602 9030602 2
9030605 9030605 2
9030606 9030606 2
9030607 9030607 2
9030608 9030608 1
9030611 9030611 2
9030612 9030612 2
9030613 9030613 2
9030614 9030614 2
9030705 9030705 2
9030706 9030706 2
9030707 9030707 2
9030708 9030708 2
9030709 9030709 2
9030710 9030710 2
9030803 9030803 2
9030804 9030804 2
9030805 9030805 2
9030806 9030806 2
9030809 9030809 2
9030810 9030810 2
9030811 9030811 2
9031001 9031001 2
9031002 9031002 2
9031003 9031003 2
9031004 9031004 2
9031005 9031005 1
9031007 9031007 2
9031102 9031102 2
9031104 9031104 2
9031106 9031106 2
9031110 9031110 2
9031111 9031111 2
9031112 9031112 2
9031114 9031114 2
9031117 9031117 2
9031201 9031201 2
9031202 9031202 2
9031203 9031203 2
9031205 9031205 2
9031207 9031207 2
9031210 9031210 1
9031212 9031212 2
9031301 9031301 2
9031303 9031303 1
9031304 9031304 2
9031305 9031305 2
9031306 9031306 2
9031307 9031307 2
9031309 9031309 2
9031401 9031401 1
9031403 9031403 2
9031406 9031406 2
9031408 9031408 2
9031409 9031409 2
9031410 9031410 2
9031411 9031411 2
9031412 9031412 2
9031413 9031413 2
9031414 9031414 2
9031502 9031502 2
9031503 9031503 2
9031504 9031504 2
9031505 9031505 2
9031506 9031506 2
9031507 9031507 2
9031508 9031508 2
9031509 9031509 2
9031801 9031801 1
9031802 9031802 1
9031803 9031803 2
9031804 9031804 1
9031805 9031805 2
9031807 9031807 2
9031810 9031810 2
9031812 9031812 2
9031813 9031813 2
9031816 9031816 2
9031817 9031817 2
9031820 9031820 2
9031821 9031821 2
9031902 9031902 2
9031904 9031904 2
9031905 9031905 2
9032001 9032001 2
9032002 9032002 2
9032006 9032006 2
9032007 9032007 2
9032008 9032008 2
9032011 9032011 2
9032012 9032012 2
9032013 9032013 2
9032101 9032101 2
9032103 9032103 2
9032105 9032105 2
9032107 9032107 2
9032109 9032109 2
9032110 9032110 2
9032201 9032201 2
9032202 9032202 2
9032204 9032204 2
9032205 9032205 2
9032206 9032206 2
9032207 9032207 2
9032208 9032208 2
9032210 9032210 2
9032301 9032301 2
9032502 9032502 2
9032504 9032504 2
9032505 9032505 2
9032507 9032507 2
9032514 9032514 2
9032516 9032516 2
9032517 9032517 2
9032525 9032525 2
9032526 9032526 2
9032601 9032601 2
9032602 9032602 2
9032604 9032604 2
9032605 9032605 2
9032606 9032606 2
9032607 9032607 2
9032608 9032608 2
9032609 9032609 2
9032611 9032611 2
9032612 9032612 2
9032701 9032701 2
9032703 9032703 2
9032704 9032704 2
9032705 9032705 2
9032706 9032706 1
9032707 9032707 2
9032711 9032711 2
9032802 9032802 2
9032803 9032803 2
9032804 9032804 2
9032805 9032805 2
9032808 9032808 2
9032904 9032904 2
9032905 9032905 2
9032906 9032906 2
9032908 9032908 2
9040101 9040101 1
9040102 9040102 2
9040103 9040103 2
9040105 9040105 2
9040106 9040106 2
9040107 9040107 2
9040111 9040111 2
9040112 9040112 2
9040114 9040114 2
9040201 9040201 2
9040207 9040207 2
9040209 9040209 2
9040210 9040210 2
9040301 9040301 2
9040302 9040302 2
9040303 9040303 2
9040304 9040304 2
9040306 9040306 2
9040307 9040307 2
9040308 9040308 2
9050801 9050801 2
9050802 9050802 1
9050803 9050803 2
9050901 9050901 2
9050902 9050902 2
9050904 9050904 2
9050905 9050905 2
9050907 9050907 2
9050908 9050908 2
9050909 9050909 2
9051001 9051001 2
9051007 9051007 2
9051008 9051008 2
9051009 9051009 2
9051010 9051010 2
9051011 9051011 2
9051012 9051012 2
9051101 9051101 2
9051202 9051202 2
9051301 9051301 2
9051401 9051401 2
9051403 9051403 2
9051404 9051404 2
9051406 9051406 2
9051407 9051407 2
9051408 9051408 2
9051409 9051409 2
9051501 9051501 2
9051502 9051502 2
9051504 9051504 2
9051507 9051507 2
9051508 9051508 2
9051509 9051509 2
9051510 9051510 2
9051511 9051511 1
9051604 9051604 2
9051605 9051605 2
9051606 9051606 2
9051608 9051608 2
9051609 9051609 2
9051610 9051610 2
9051611 9051611 2
9051612 9051612 2
9051613 9051613 2
9051614 9051614 2
9051702 9051702 2
9051703 9051703 2
9051706 9051706 2
9051708 9051708 2
9051709 9051709 2
9052003 9052003 2
9052005 9052005 2
9052008 9052008 2
9052011 9052011 2
9052012 9052012 2
9052013 9052013 2
9052014 9052014 2
9052015 9052015 2
9052102 9052102 1
9052103 9052103 2
9052106 9052106 2
9052107 9052107 2
9052110 9052110 2
9052202 9052202 2
9052204 9052204 2
9052205 9052205 2
9052208 9052208 2
9052209 9052209 2
9052210 9052210 2
9052211 9052211 2
9052213 9052213 2
9052306 9052306 2
9052307 9052307 2
9052308 9052308 2
9052309 9052309 2
9052401 9052401 2
9052406 9052406 2
9052409 9052409 2
9052410 9052410 2
9052411 9052411 2
9052502 9052502 2
9052701 9052701 2
9052703 9052703 2
9052704 9052704 2
9052705 9052705 2
9052706 9052706 2
9052708 9052708 2
9052710 9052710 2
9052711 9052711 2
9052712 9052712 2
9052714 9052714 2
9052715 9052715 2
9052720 9052720 1
9052722 9052722 2
9052801 9052801 2
9052804 9052804 2
9052805 9052805 2
9052806 9052806 2
9052808 9052808 2
9052809 9052809 2
9052810 9052810 2
9052811 9052811 2
9052812 9052812 2
9052901 9052901 2
9052905 9052905 2
9053001 9053001 2
9053002 9053002 2
9053003 9053003 2
9053004 9053004 2
9053007 9053007 2
9053009 9053009 2
9053010 9053010 2
9053011 9053011 2
9053105 9053105 2
9053106 9053106 2
9053107 9053107 2
9053108 9053108 2
9053109 9053109 2
9053110 9053110 2
9053111 9053111 2
9053112 9053112 2
9060101 9060101 2
9060303 9060303 2
9060304 9060304 2
9060305 9060305 1
9060306 9060306 2
9060307 9060307 2
9060309 9060309 2
9060310 9060310 2
9060311 9060311 2
9060403 9060403 2
9060405 9060405 1
9060406 9060406 2
9060407 9060407 2
9060408 9060408 2
9060409 9060409 2
9060501 9060501 1
9060504 9060504 2
9060505 9060505 2
9060508 9060508 2
9060510 9060510 2
9060512 9060512 2
9060603 9060603 2
9060605 9060605 2
9060607 9060607 2
9060609 9060609 2
9060610 9060610 2
9061003 9061003 2
9061004 9061004 2
9061006 9061006 2
9061008 9061008 2
9061009 9061009 2
9061010 9061010 2
9061101 9061101 2
9061104 9061104 2
9061105 9061105 2
9061106 9061106 2
9061108 9061108 2
9061109 9061109 2
9061110 9061110 1
9061202 9061202 2
9061204 9061204 2
9061205 9061205 2
9061208 9061208 2
9061209 9061209 2
9061210 9061210 2
9061304 9061304 2
9061305 9061305 2
9061306 9061306 2
9061308 9061308 2
9061309 9061309 2
9061310 9061310 2
9061401 9061401 2
9061403 9061403 2
9061404 9061404 2
9061407 9061407 2
9061410 9061410 2
9061411 9061411 2
9061412 9061412 2
9061414 9061414 2
9061501 9061501 2
9061701 9061701 1
9061702 9061702 2
9061704 9061704 2
9061705 9061705 2
9061706 9061706 2
9061707 9061707 2
9061708 9061708 2
9061709 9061709 2
9061710 9061710 2
9061713 9061713 2
9061801 9061801 2
9061802 9061802 2
9061804 9061804 2
9061806 9061806 2
9061807 9061807 2
9061809 9061809 2
9061812 9061812 2
9061901 9061901 2
9061902 9061902 2
9061903 9061903 2
9061906 9061906 2
9061907 9061907 2
9061908 9061908 2
9061909 9061909 2
9061910 9061910 2
9061911 9061911 2
9061912 9061912 2
9062001 9062001 2
9062002 9062002 2
9062005 9062005 2
9062006 9062006 2
9062107 9062107 2
9062108 9062108 2
9062109 9062109 2
9062112 9062112 2
9062113 9062113 2
9062114 9062114 2
9062201 9062201 2
9062403 9062403 2
9062404 9062404 2
9062407 9062407 2
9062408 9062408 2
9062413 9062413 2
9062501 9062501 2
9062504 9062504 2
9062505 9062505 2
9062506 9062506 2
9062507 9062507 2
9062508 9062508 2
9062510 9062510 2
9062513 9062513 2
9062514 9062514 2
9062516 9062516 2
9062601 9062601 2
9062603 9062603 2
9062605 9062605 2
9062606 9062606 2
9062608 9062608 2
9062611 9062611 2
9062613 9062613 2
9062701 9062701 2
9062702 9062702 2
9062703 9062703 2
9062705 9062705 2
9062706 9062706 2
9062707 9062707 2
9062708 9062708 2
9062801 9062801 2
9062803 9062803 2
9062805 9062805 2
9062808 9062808 2
9062809 9062809 2
9062810 9062810 2
9070101 9070101 2
9070102 9070102 2
9070104 9070104 2
9070105 9070105 2
9070108 9070108 2
9070109 9070109 2
9070115 9070115 2
9070202 9070202 2
9070203 9070203 2
9070204 9070204 2
9070207 9070207 2
9070209 9070209 2
9070210 9070210 2
9070212 9070212 2
9070302 9070302 1
9070303 9070303 1
9070306 9070306 2
9070307 9070307 2
9070310 9070310 2
9070311 9070311 2
9070312 9070312 2
9070401 9070401 2
9070402 9070402 2
9070403 9070403 2
9070404 9070404 2
9070406 9070406 2
9070407 9070407 2
9070408 9070408 2
9070409 9070409 2
9070412 9070412 2
9070501 9070501 2
9070502 9070502 1
9070503 9070503 2
9070504 9070504 2
9070505 9070505 2
9070509 9070509 2
9070510 9070510 2
9070511 9070511 2
9070512 9070512 2
9071703 9071703 2
9071801 9071801 2
9071802 9071802 2
9071803 9071803 2
9071804 9071804 2
9071805 9071805 2
9071806 9071806 2
9071807 9071807 2
9071808 9071808 2
9071809 9071809 2
9071904 9071904 2
9071907 9071907 2
9071908 9071908 2
9072202 9072202 2
9072203 9072203 2
9072205 9072205 1
9072208 9072208 2
9072209 9072209 2
9072212 9072212 2
9072215 9072215 2
9072216 9072216 2
9072217 9072217 1
9072218 9072218 2
9072301 9072301 2
9072302 9072302 2
9072304 9072304 1
9072306 9072306 1
9072307 9072307 2
9072308 9072308 2
9072309 9072309 2
9072401 9072401 2
9072402 9072402 2
9072403 9072403 2
9072405 9072405 2
9072407 9072407 2
9072408 9072408 2
9072409 9072409 2
9072410 9072410 2
9072411 9072411 2
9072412 9072412 2
9072413 9072413 2
9072502 9072502 1
9072503 9072503 2
9072504 9072504 2
9072505 9072505 2
9072506 9072506 2
9072508 9072508 2
9072510 9072510 2
9072514 9072514 2
9072515 9072515 2
9072602 9072602 2
9072604 9072604 2
9072607 9072607 2
9072610 9072610 2
9072611 9072611 2
9072614 9072614 2
9072901 9072901 2
9072903 9072903 1
9072905 9072905 2
9072907 9072907 2
9072908 9072908 2
9072909 9072909 2
9072910 9072910 2
9073003 9073003 2
9073004 9073004 2
9073005 9073005 2
9073006 9073006 2
9073007 9073007 2
9073102 9073102 2
9073104 9073104 2
9073107 9073107 2
9073108 9073108 2
9073109 9073109 2
9073110 9073110 2
9073111 9073111 2
9080101 9080101 2
9080104 9080104 2
9080106 9080106 2
9080107 9080107 2
9080109 9080109 1
9080204 9080204 2
9080205 9080205 2
9080207 9080207 2
9080208 9080208 2
9080209 9080209 2
9080211 9080211 2
9080501 9080501 2
9080502 9080502 2
9080503 9080503 2
9080505 9080505 2
9080506 9080506 2
9080507 9080507 2
9080509 9080509 2
9080514 9080514 2
9080515 9080515 2
9080601 9080601 2
9080602 9080602 2
9080604 9080604 2
9080606 9080606 2
9080607 9080607 2
9080608 9080608 2
9080701 9080701 2
9080702 9080702 2
9080705 9080705 2
9080706 9080706 2
9080708 9080708 2
9080709 9080709 2
9080712 9080712 2
9080714 9080714 2
9080803 9080803 2
9080805 9080805 2
9080807 9080807 2
9080808 9080808 2
9080809 9080809 2
9080903 9080903 1
9080904 9080904 2
9080906 9080906 1
9081202 9081202 1
9081203 9081203 2
9081205 9081205 2
9081206 9081206 2
9081207 9081207 2
9081211 9081211 2
9081212 9081212 2
9081302 9081302 2
9081303 9081303 2
9081304 9081304 2
9081305 9081305 2
9081307 9081307 2
9081308 9081308 2
9081309 9081309 2
9081310 9081310 2
9081402 9081402 2
9081501 9081501 2
9081502 9081502 2
9081503 9081503 2
9081505 9081505 2
9081507 9081507 2
9081508 9081508 2
9082002 9082002 2
9082003 9082003 2
9082004 9082004 2
9082005 9082005 2
9082006 9082006 2
9082008 9082008 2
9082009 9082009 2
9082102 9082102 2
9082103 9082103 2
9082104 9082104 2
9082106 9082106 2
9082108 9082108 2
9082201 9082201 2
9082202 9082202 2
9082206 9082206 2
9082302 9082302 2
9082303 9082303 2
9082308 9082308 2
9082309 9082309 2
9082605 9082605 2
9082606 9082606 2
9082607 9082607 2
9082608 9082608 2
9082610 9082610 2
9082611 9082611 2
9082701 9082701 2
9082702 9082702 1
9082703 9082703 2
9082704 9082704 2
9082705 9082705 1
9082801 9082801 2
9082803 9082803 2
9082806 9082806 2
9082807 9082807 2
9082808 9082808 2
9082809 9082809 2
9082902 9082902 2
9082903 9082903 2
9083002 9083002 2
9083003 9083003 2
9083004 9083004 2
9083006 9083006 2
9083008 9083008 2
9083009 9083009 2
9083010 9083010 2
9083013 9083013 2
9090202 9090202 2
9090204 9090204 2
9090205 9090205 2
9090206 9090206 2
9090207 9090207 2
9090301 9090301 2
9090303 9090303 1
9090304 9090304 2
9090305 9090305 2
9090306 9090306 2
9090308 9090308 2
9090309 9090309 2
9090310 9090310 2
9090311 9090311 2
9090312 9090312 2
9090402 9090402 1
9090405 9090405 2
9090501 9090501 2
9090503 9090503 2
9090505 9090505 1
9090601 9090601 2
9090602 9090602 2
9090603 9090603 2
9090605 9090605 2
9090606 9090606 2
9090608 9090608 2
9090610 9090610 2
9090901 9090901 2
9090904 9090904 2
9090909 9090909 2
9090914 9090914 2
9090915 9090915 2
9091002 9091002 1
9091003 9091003 2
9091005 9091005 2
9091007 9091007 2
9091009 9091009 2
9091010 9091010 2
9091014 9091014 2
9091015 9091015 2
9091017 9091017 2
9091019 9091019 2
9091020 9091020 2
9091101 9091101 2
9091104 9091104 2
9091201 9091201 2
9091202 9091202 2
9091203 9091203 2
9091204 9091204 2
9091206 9091206 2
9091207 9091207 2
9091601 9091601 2
9091602 9091602 2
9091605 9091605 2
9091606 9091606 2
9091607 9091607 2
9091608 9091608 2
9091609 9091609 2
9091611 9091611 2
9091613 9091613 2
9091614 9091614 2
9091615 9091615 2
9091619 9091619 2
9091622 9091622 2
9091625 9091625 2
9091626 9091626 2
9091701 9091701 2
9091702 9091702 2
9091703 9091703 2
9091704 9091704 2
9091707 9091707 2
9091708 9091708 2
9091709 9091709 2
9091710 9091710 2
9091711 9091711 2
9091801 9091801 1
9091804 9091804 2
9091805 9091805 2
9091807 9091807 2
9091901 9091901 2
9091902 9091902 2
9091903 9091903 2
9091907 9091907 2
9091908 9091908 2
9092003 9092003 2
9092004 9092004 2
9092009 9092009 2
9092010 9092010 2
9092012 9092012 2
9092013 9092013 2
9092301 9092301 2
9092302 9092302 2
9092303 9092303 2
9092304 9092304 2
9092305 9092305 2
9092307 9092307 2
9092313 9092313 2
9092315 9092315 2
9092317 9092317 2
9092318 9092318 2
9092319 9092319 2
9092321 9092321 2
9092401 9092401 2
9092403 9092403 2
9092405 9092405 2
9092406 9092406 1
9092501 9092501 2
9092502 9092502 2
9092506 9092506 2
9092507 9092507 2
9092508 9092508 2
9092510 9092510 2
9092601 9092601 2
9092603 9092603 1
9092604 9092604 2
9092608 9092608 2
9092610 9092610 2
9092703 9092703 2
9092706 9092706 2
9092709 9092709 2
9092710 9092710 2
9092711 9092711 2
9092712 9092712 2
9092713 9092713 2
9093002 9093002 2
9093003 9093003 2
9093005 9093005 2
9100804 9100804 2
9100806 9100806 2
9100811 9100811 2
9100812 9100812 2
9100813 9100813 2
9100904 9100904 2
9100905 9100905 2
9100907 9100907 2
9100909 9100909 2
9100910 9100910 2
9100913 9100913 1
9101003 9101003 2
9101004 9101004 2
9101005 9101005 2
9101006 9101006 2
9101008 9101008 2
9101010 9101010 2
9101012 9101012 2
9101101 9101101 2
9101104 9101104 2
9101107 9101107 2
9101108 9101108 2
9101109 9101109 2
9101111 9101111 2
9101114 9101114 2
9101115 9101115 2
9101116 9101116 2
9101117 9101117 1
9101401 9101401 2
9101403 9101403 2
9101404 9101404 2
9101405 9101405 2
9101407 9101407 2
9101410 9101410 2
9101411 9101411 2
9101413 9101413 2
9101414 9101414 2
9101415 9101415 2
9101501 9101501 2
9101503 9101503 2
9101504 9101504 2
9101506 9101506 2
9101508 9101508 2
9101510 9101510 2
9101512 9101512 2
9101602 9101602 2
9101603 9101603 2
9101605 9101605 2
9101606 9101606 2
9101608 9101608 1
9101609 9101609 2
9101610 9101610 2
9101611 9101611 2
9101613 9101613 2
9101614 9101614 2
9101701 9101701 2
9101805 9101805 2
9101807 9101807 2
9101808 9101808 2
9101812 9101812 2
9101901 9101901 2
9102101 9102101 2
9102105 9102105 2
9102204 9102204 2
9102205 9102205 2
9102206 9102206 2
9102209 9102209 2
9102210 9102210 2
9102303 9102303 2
9102304 9102304 2
9102305 9102305 2
9102306 9102306 2
9102308 9102308 2
9102309 9102309 2
9102401 9102401 2
9102402 9102402 2
9102405 9102405 2
9102407 9102407 2
9102408 9102408 2
9102409 9102409 2
9102411 9102411 2
9102502 9102502 2
9102504 9102504 1
9102506 9102506 2
9102507 9102507 2
9102508 9102508 2
9102803 9102803 2
9102804 9102804 2
9102805 9102805 1
9102807 9102807 2
9102808 9102808 2
9102809 9102809 1
9102810 9102810 2
9102813 9102813 2
9102814 9102814 2
9102815 9102815 2
9102901 9102901 2
9102904 9102904 1
9102907 9102907 2
9102908 9102908 2
9102909 9102909 1
9103001 9103001 2
9103006 9103006 2
9103009 9103009 2
9103101 9103101 2
9103104 9103104 2
9103105 9103105 2
9103106 9103106 2
9103108 9103108 2
9103109 9103109 2
9103110 9103110 2
9103111 9103111 2
9103112 9103112 2
9110101 9110101 2
9110104 9110104 2
9110105 9110105 2
9110106 9110106 2
9110108 9110108 2
9110110 9110110 2
9110402 9110402 2
9110407 9110407 2
9110409 9110409 2
9110410 9110410 2
9110411 9110411 2
9110412 9110412 2
9110414 9110414 2
9110501 9110501 2
9110504 9110504 2
9110506 9110506 2
9110507 9110507 2
9110601 9110601 2
9110602 9110602 2
9110702 9110702 2
9110704 9110704 2
9110705 9110705 2
9110706 9110706 2
9110707 9110707 2
9110803 9110803 2
9110804 9110804 2
9110806 9110806 2
9110807 9110807 2
9110808 9110808 2
9110810 9110810 2
9110811 9110811 2
9111102 9111102 2
9111105 9111105 2
9111107 9111107 2
9111201 9111201 2
9111204 9111204 2
9111207 9111207 2
9111208 9111208 2
9111303 9111303 2
9111305 9111305 2
9111306 9111306 2
9111307 9111307 2
9111310 9111310 2
9111401 9111401 2
9111404 9111404 2
9111501 9111501 2
9111503 9111503 2
9111504 9111504 2
9111505 9111505 2
9111506 9111506 2
9111507 9111507 2
9111509 9111509 2
9111510 9111510 2
9111511 9111511 2
9111513 9111513 2
9111802 9111802 2
9111803 9111803 2
9111804 9111804 2
9111806 9111806 2
9111808 9111808 2
9111810 9111810 2
9111904 9111904 2
9112001 9112001 2
9112101 9112101 2
9112102 9112102 2
9112104 9112104 2
9112105 9112105 2
9112106 9112106 2
9112107 9112107 2
9112201 9112201 2
9112202 9112202 2
9112204 9112204 2
9112207 9112207 2
9112504 9112504 2
9112506 9112506 2
9112509 9112509 2
9112511 9112511 1
9112512 9112512 2
9112513 9112513 2
9112514 9112514 2
9112601 9112601 2
9112603 9112603 2
9112604 9112604 2
9112605 9112605 2
9112607 9112607 2
9112608 9112608 2
9112609 9112609 2
9112610 9112610 2
9112702 9112702 2
9112703 9112703 2
9112705 9112705 2
9112707 9112707 2
9112802 9112802 2
9112804 9112804 2
9112806 9112806 2
9112807 9112807 2
9112808 9112808 2
9112902 9112902 2
9112903 9112903 2
9120201 9120201 2
9120202 9120202 2
9120203 9120203 2
9120204 9120204 2
9120205 9120205 1
9120207 9120207 2
9120208 9120208 2
9120209 9120209 2
9120210 9120210 2
9120211 9120211 2
9120212 9120212 2
9120213 9120213 2
9120214 9120214 2
9120216 9120216 2
9120301 9120301 2
9120302 9120302 2
9120401 9120401 2
9120402 9120402 2
9120403 9120403 2
9120404 9120404 2
9120407 9120407 2
9120409 9120409 2
9120410 9120410 2
9120411 9120411 2
9120504 9120504 2
9120506 9120506 2
9120507 9120507 2
9120509 9120509 2
9120603 9120603 2
9120604 9120604 2
9120605 9120605 2
9120903 9120903 2
9120904 9120904 2
9120906 9120906 2
9120907 9120907 2
9121003 9121003 2
9121006 9121006 2
9121009 9121009 2
9121011 9121011 2
9121012 9121012 2
9121101 9121101 2
9121102 9121102 2
9121202 9121202 2
9121203 9121203 2
9121204 9121204 2
9121205 9121205 2
9121206 9121206 2
9121207 9121207 2
9121601 9121601 2
9121602 9121602 2
9121603 9121603 2
9121604 9121604 2
9121605 9121605 2
9121609 9121609 2
9121612 9121612 2
9121613 9121613 2
9121702 9121702 2
9121704 9121704 2
9121801 9121801 2
9121803 9121803 2
9121805 9121805 2
9121806 9121806 2
9121807 9121807 2
9121808 9121808 2
9121901 9121901 2
9121904 9121904 2
9121905 9121905 2
9122001 9122001 2
9122003 9122003 2
9122005 9122005 2
9122007 9122007 2
9122302 9122302 2
9122304 9122304 2
9122305 9122305 2
9122306 9122306 2
9122308 9122308 2
9122309 9122309 2
9122403 9122403 2
9122405 9122405 2
9122406 9122406 2
9122407 9122407 2
9122408 9122408 2
9122409 9122409 2
9122412 9122412 2
9122503 9122503 2
9122504 9122504 2
9122505 9122505 2
9122506 9122506 2
9122510 9122510 2
9122604 9122604 2
9122606 9122606 2
9122607 9122607 2
9122701 9122701 2
9122703 9122703 2
9122705 9122705 2
9122706 9122706 1
9122707 9122707 2
9123001 9123001 2
9123002 9123002 2
9123006 9123006 2
9123008 9123008 2
9123010 9123010 2
9123011 9123011 2
9123101 9123101 2
9123102 9123102 2
9123103 9123103 2
9123104 9123104 1
9123108 9123108 2
